639.8343008359153
61.07481788169367
227.07003180203967
799.1638910375124
548.0056890582812
137.8868109467365
254.13771479082325
912.059113584668
932.0421350484866
342.4444865948615
278.7189707463694
298.99145400869844
344.0372091283471
937.5518525058689
329.55884998166715
611.5035483915091
548.3559533598133
670.8939477419168
39.188304777977635
514.5636367611407
59.93609747265083
379.2326089102846
718.1260387803599
870.5165106482726
773.6069086552192
103.09792333935042
35.97002122602777
980.7458812830125
843.6446450794766
694.2689786931471
564.2399218884113
160.8309128505918
230.77508559321382
109.38887151012189
142.80984134079011
206.78755588920905
928.6855524746444
633.2060978774605
265.2333356280101
701.2841018392262
75.1892928598844
280.58569908957554
201.84161878745022
353.6147352184149
947.9357068581693
153.65198011656668
55.136979254073346
383.75791819385654
408.1320782010143
447.1597489487872
959.4153956307848
494.48670248220947
814.9259251969473
64.7149677440968
496.50373156606963
432.2991550649362
871.0579814821233
262.7499463527104
215.25603396518932
379.748321461107
450.6310834894266
35.56654927771674
145.88478906044443
933.668153827648
786.6346595523364
109.98047538307321
225.06692744508817
937.0825359385949
507.24764063711257
345.2549394363188
401.5811524676172
240.1784515465697
623.2694814925605
152.10890280751778
730.615174550342
960.8347338483499
706.3967940610485
70.58297773087685
249.1951670343102
418.8352275934102
425.9029504192424
562.0916390371934
220.67785164066856
534.4754333290626
33.963020371057254
575.7270834846745
159.4486561840688
600.7872083298547
558.682334908819
973.7164556265716
239.53525986484902
953.5831345427883
765.220289573585
709.534591294472
168.82312239224495
415.64055088513106
813.347287523201
296.6856426877608
228.72381050252832
820.8039627515606
238.25233986961658
905.8931743936067
208.75073140542244
934.7052788357114
847.5879927022136
493.36573864918074
917.4192830934447
80.6340402364425
702.6433658098106
242.20238738532075
149.97898753767424
19.078211004441847
910.4419405289044
954.2051974855455
301.0135987698488
470.62448699647564
714.1975636632305
110.41954112814001
932.5542625542726
996.5227779990807
561.5962873093721
964.9692007130993
834.3908315359664
78.91325308492192
988.7813163187901
270.6718361381621
43.17884791784854
290.4367080132125
664.0638445486047
763.6731457208452
325.3496803555772
141.63016306276677
742.112369403599
29.398533362888113
418.8341267522697
218.12782043467826
361.1338655765987
846.0846945043643
585.2397879897987
210.67495363807987
978.4622266132502
81.30848426693026
401.56592458212447
69.85459634271729
721.2705811171877
172.03603038439252
794.344715214756
535.7991229710176
122.66651330061961
915.9936537706584
561.1969447561046
407.9006038388804
313.6659034540713
816.3697795439897
749.1992421901967
71.74637625430258
289.458697140304
301.95043398655844
630.6450289049892
725.6267175588681
382.5125542362141
491.81366867687524
302.7410195169431
215.990145183805
259.9240789422091
223.12785991766137
793.2235430776208
112.64516884732711
480.54820314178426
485.16371623279974
187.00315022659197
328.1299288595068
737.8477702656768
829.8717338448434
637.3339967825469
646.587799084232
89.21196243753992
148.33941099193103
930.8343037903783
471.5399698917088
517.2390217921511
568.3867044127242
321.2626350168879
138.86002051108892
175.9052949799862
909.7536121480414
903.584667890612
150.50399266846037
529.5296303028397
857.8210862647486
182.05191002481757
984.2907230682042
59.54885333280646
205.439201092125
486.3056044824987
796.8583961189188
131.14286083547333
309.0815702797772
837.8563522481927
354.3275160708057
550.6950143376471
132.0125741370799
132.08177895211625
984.0215342858254
491.5415971183591
612.5436549545532
271.4482301597272
970.0774467838013
451.1268875265807
516.2335020708545
330.63391514561357
250.1271803439411
859.2146649846744
852.0711026535523
479.1829523866542
545.7811665713803
623.4183964738139
932.6642041342891
879.9185035775713
74.73283469687209
667.0989915159097
514.1469539931285
127.60238873994322
435.67234794513377
489.5789824235711
749.5793770064181
661.1611799337572
291.607050781982
661.5722741211466
353.9527880595957
498.05879665193277
191.43181405064425
533.2888657659196
562.6278962368954
587.5594755583767
244.82886503289214
76.31455030610468
718.5054129093775
561.3720210591429
902.0885820274303
433.9429147386712
184.13569588372582
54.898814372186244
408.8835050430704
821.8222927042672
141.37219705951398
242.93391758884286
944.1858703524829
983.5870193284542
160.36534912205914
553.6407880055444
782.3018889266693
938.3556060894581
901.2928171914939
304.10050561894997
325.46847492757234
420.47097862797676
153.78296471535168
930.9880140794958
738.554305788147
242.44546212822516
888.535533163897
205.49255690252355
19.23751404888541
885.1738300108873
888.6582886240092
666.281350539536
694.9510132304528
853.7797797699251
324.4579401321288
341.87233943606907
63.121801386741836
482.740467371205
464.5075294896267
451.227790021825
884.2685773969534
912.1939513778002
139.58876773348783
87.64012190870507
795.6152711330049
275.30645238089113
877.5044069108222
897.1475120460658
287.98500896999525
147.46236568094017
266.2731699495656
694.1108551557103
218.36130038254598
272.0871183198684
458.299977994989
621.1646427158987
614.7835703243214
30.469140004910855
108.51915083338281
339.6508034114947
364.86302230629843
437.5217040609323
446.19603117609097
271.55346980743525
679.1655943066041
771.3129259679749
88.84267984598692
615.3220340880816
822.2143233327929
696.3634077530565
635.0485909968754
447.9306282510021
75.50336430264448
625.7752581186893
502.8174827523274
118.42552151169838
869.3941163258921
482.6197956345656
372.0283764831778
825.0299558148394
110.5308748700654
302.7112019099493
537.1828969442098
902.4476552293623
649.0586279051118
22.381411361614866
607.7753228643535
505.98910792282845
286.378886440277
176.80033800221383
291.05791936696625
654.8717488739117
75.66169975536441
196.720836192792
24.195753577633372
240.97199952477254
643.6617724781452
707.8747740350393
370.1843683505486
689.3486176194161
615.5996938131918
576.7317593829673
3.3246110164755205
985.3789747736591
24.7619761969603
400.00094468972026
143.57078525707766
939.2329224204215
112.9633647717918
654.0904106604511
333.5916605253799
800.3448148370533
108.56680631674631
411.14018898096293
921.1940171796477
84.266089294325
634.5505454365103
94.3154220586857
605.4843084786103
326.7700666730533
41.97093240613914
320.82995260341016
944.0609542825289
553.4847690838076
577.7519460472444
614.2394488870293
456.45903051757017
60.59516286044764
860.4474254495683
375.3500438031657
218.79418498202585
382.06922540999153
828.5107930733526
607.2883108440574
124.43389431395879
916.1039843872385
851.937227071835
953.578424830453
518.2823070272487
507.5559762760916
789.688672386905
394.11157291092803
434.8298971288819
259.80728113143516
54.79337820061525
74.26627406007246
133.6351503844726
446.8046902408642
932.8184632882051
289.1775398365227
597.9633527878281
622.7057395498689
90.61715753503962
265.321252507776
500.1003251120566
566.5275548226144
81.52322233858122
117.64156823010808
651.1408472722557
447.7840988223734
526.0519155327331
280.2244473116955
607.2771455769644
447.81872220473196
614.0794542941859
267.88490128212027
497.6629618669326
705.4899586148266
421.48228804748953
80.11190943076474
169.0092845508866
280.11575817390366
558.222486944269
870.9728115219139
578.2870432215558
484.65217000928817
462.3631626322865
305.47412985371227
881.0771120960188
339.0013713890626
153.9317094696574
487.10947828114035
763.225434504719
630.6816190967729
686.1560363199909
930.144454408344
391.8826864624735
110.05813601757941
21.577441947078334
785.1326624495704
136.2009086624162
126.08973471665075
946.4364410075925
5.308717945292751
441.04098843434804
598.563427077681
274.7760967221352
286.9079890858591
373.5488904382528
51.051919671932126
412.46588150852205
249.61648044681618
169.63190214254985
108.85578765128446
471.9878209506897
339.7582038942587
83.2937979414402
988.6636606634592
501.2145052510073
658.6539271441354
628.3772847194642
857.715329728749
587.9460452607412
883.7329835353033
384.39924686259894
85.41763507008393
444.43905513461743
97.56910944315611
650.258822595955
299.26665988402
494.2166851888262
250.47854243640256
234.5124264567593
582.0216735991334
938.4803975046353
513.9586314944731
450.6764070467547
986.4387723383096
564.6758070441205
742.138988714011
825.7644301012442
943.6088672210665
292.96720102815664
890.6832512531224
74.97685931622145
325.3304869708066
679.8471493293963
138.787077134771
955.224580305843
916.0010076909671
864.0156345052335
596.7291826963152
216.0953250116324
733.7836038326775
417.8121139843374
844.2469943894641
911.9877013476954
886.0544066305486
299.0538262984965
709.9324168357832
737.621250392455
145.8485332131475
222.64267245272774
879.0026425628432
409.69016635055823
415.0073825590216
929.6723664589214
479.70933817212267
949.3934263238222
377.8314900694101
999.973132441342
498.3621509062203
724.883763733937
571.2956404900553
390.3802213600973
537.1100878595644
746.7426339102543
735.5254488755371
70.93765338405456
226.01912469276454
500.8373676038099
127.4228882720071
978.1384251055439
622.424317863853
770.0328412507464
130.7187510839577
945.9026756172664
895.6860842445095
316.29374714262116
656.4696368484394
588.199978255934
817.5291956399151
104.13423141084199
364.5651120430564
11.794616068006913
897.7417582755418
971.1279990823048
218.0752096751537
21.819904850367443
794.6088030464756
522.8150966370262
308.4196145663779
354.1126409016747
230.58123030944756
515.8484546892876
709.2496658252124
363.16290392122875
455.55104596647453
32.4307598567275
577.3007253938719
349.24493979977365
620.1066413218691
465.2275789156871
994.6756006633678
495.58105748836965
325.01105059087865
130.60027858591704
80.29677131353041
825.9646825335634
436.454353246962
941.4473138816062
313.50525705610863
112.29966208573971
464.5395921545572
284.5657428535734
762.0033768618148
202.00647758134883
202.18451040542317
49.383635756074405
722.6147520445668
995.3030253641006
836.745649076671
853.8444862261401
18.091051709495652
999.4784812951793
145.83917530380342
522.3596861090062
118.64828512082593
135.7997579025242
437.826717072442
269.94575189888735
573.5040959246552
887.3604756333152
455.8715305426655
795.8734720315188
680.6911843795905
855.6948834986099
690.9358831092133
952.6413263989302
262.88509888126856
997.8228782687146
177.20372498478642
425.1401717062211
107.56983702824208
995.6186512531822
402.085461902293
153.84349738700644
459.47617150818553
977.9007673207847
151.58162290489173
502.7855898522824
900.7134757164458
627.6050991216407
924.5179235149149
683.5602309992165
229.44118596851547
19.692336412495347
352.24925182018796
520.4648330789196
156.21124622983874
293.62854333515884
877.5701644948753
665.161457386939
676.3016125554811
480.6230095826132
219.54995744402916
283.7109510163316
431.2254464160772
6.241507737234864
934.5455760778023
382.45822656300174
610.0467657232375
855.3700951138187
69.44062628263048
443.19245541521803
863.8154775537442
730.3954576333073
913.5012972659939
984.3306837456873
700.909966683804
607.1789977768731
770.0793876759055
877.2126321197719
4.955142791231548
626.7057376416807
557.1018993429727
273.55553160803635
487.08075497675776
248.4791703472462
944.9942128791774
739.89513261942
904.8282507783177
780.669483840659
431.9406517732177
582.2978549945449
276.96095294293855
146.44966002397553
469.8362381341251
380.21739529701415
75.65552204036541
838.3885576003673
206.8209791884875
390.2863448262047
607.5033335089981
958.1061099688947
411.71796838112664
459.04635614174674
788.0019229498455
41.44436954517594
909.381103366844
574.283732663353
974.3185781395989
903.8869204401993
571.5976572903008
83.34069096231921
379.7419974052539
993.5903944402364
380.48876561291456
734.3182378464584
455.91537795533344
207.19499504310602
253.04688871259407
536.6971722813723
206.14224907875544
188.33210585645676
636.4435394932933
643.7777021703042
930.2129054729927
459.28860790056916
444.1481991845562
22.732852386897374
753.1400430426933
27.054090319011404
894.6261532188588
808.0799098487854
175.00472483322082
390.62494606309326
259.44811038279846
55.3185896611339
337.74414144284293
164.77385858510885
345.50050060024716
893.1676760357395
901.7631932423664
367.60616341225307
55.207212107125756
93.08867531731036
984.7154889290723
372.5188621965646
670.972021291239
891.355672321731
638.48706966443
312.16584716799736
929.7426959374096
167.7363437012891
505.25093123028284
152.53607837750906
455.6662710314633
809.8201149614534
593.8421902469925
71.98871877265611
210.46973250752376
661.7590046389229
358.6808334759889
489.36558353872084
340.52308234134165
83.88755194259723
674.542641595498
493.92296880726803
362.46496966741717
349.12905847239807
309.4558304788847
331.85217584589424
506.8609601636386
812.5651639950337
127.80151046124155
379.21334848553323
871.7448888539388
240.5586745598922
197.1785218387102
255.57252067808156
671.6347725628527
863.0128069438504
26.786713892324897
461.67136908613213
197.32620429946235
544.4199459317858
465.0401651768865
571.6566119206084
124.06095108490223
543.5420920889212
484.52057471900946
974.298667373976
906.5833466715102
813.4817710145442
146.03776965865922
634.5573748931046
603.8017424886349
767.7293723310744
361.95678245170404
762.1973255088803
774.3444412361167
223.73266538243564
867.8984182330628
695.7398162725923
320.12091528570954
215.91909243560602
85.12849098323383
150.04036372943654
76.25248942914664
308.0688733012731
784.6393747111109
970.0934850634839
991.6526652335406
604.5161892407672
640.9422007165749
109.29232025853175
862.0367071718355
136.26622992341296
405.4238038023705
152.4441897656863
252.6587175137842
975.5822564679727
204.85300892134327
311.5644578171831
690.8585417069453
901.0841174618396
487.15959570225954
200.6464129832314
678.9052393123458
655.830750448202
830.2573649537375
93.27598601800624
77.52149904820371
426.171282718207
698.5075496149977
440.94057990572844
48.494445680021144
292.7867403677656
263.446030097908
9.354724939128145
50.62451437906424
743.9021103059705
118.23752133740484
942.4248085895123
691.6984935318086
673.3609108522351
473.07529154101525
319.0242666359866
598.7340578969862
761.7713611119161
695.5959784337643
910.7109159400503
526.4117486954806
748.4694437350621
691.9818084292746
553.9786051429348
399.1511234941474
879.5125757304752
440.6651376077114
821.3406970890779
828.1603488005644
455.69053779755774
586.642804294408
265.26582719039726
375.94745854591025
342.68941448697177
492.73311030445586
698.9238051475642
244.10438144069758
408.44688633347704
361.77396012856025
663.7370454133668
113.79520579354308
294.45576960852935
99.13785650171214
134.98391124833853
808.8353807268969
465.9568683806432
53.73783327014869
901.8534366403562
695.7958357520247
169.11384239773776
608.1668396381651
453.62786230303584
883.5502011216722
973.8219245478081
532.426009383746
135.2816629744418
382.32839273310816
797.2727456521661
400.44355130907184
16.045861384105685
263.59412763538427
928.7152122312334
410.42137878750964
980.1325607382162
426.7001257770851
142.8745293341691
87.47782687590622
329.3207305086111
725.119152441543
34.08154237499139
434.9304267037841
57.54921987628514
906.8421460514639
61.20111288910712
332.760284028517
73.19156571812846
411.32673295812685
756.792885529062
844.4529489748196
958.4191859496063
890.4772475729246
822.082869083138
391.62716482190507
531.2667517378551
766.1011915598607
869.2305097771522
201.71556061224194
824.4055856203913
575.1302536798046
571.8668131026841
570.0434715928794
649.7972251248784
815.4667334316009
866.8404214214303
491.3903297937304
747.8357052628617
394.4309624810586
479.64601928544823
471.39585951134455
801.9271631571003
220.24819460259914
608.5703952863786
496.766483353375
479.42102338029434
340.79413811093605
549.0363607847038
315.134196381652
731.7151386720991
135.28605138019344
55.75888710280608
317.9343253682998
179.22644922165608
856.5120125004725
909.6142638204261
304.20808285799774
384.2207515947412
248.9701568188093
419.6316712817594
54.782762958837
596.3000525598064
124.23900937388987
519.2289491006173
416.43865870048677
352.27068427626097
372.71101529037895
445.40846391938317
37.092327133976475
606.9615369685077
299.93619908192636
94.99720711168524
191.59308165968304
557.7261057830513
541.8005526430235
390.6111061541523
936.5754966717896
613.6302840233852
101.79613923521491
777.433968958045
717.8967834998341
160.45124877171725
908.3214038854446
380.62511111843975
810.2870838274349
429.69700095061137
503.8983285349655
843.8991284056315
402.134593442103
954.974859762345
14.301054004367542
19.462995883695044
231.27582428048498
218.24371387670394
136.65514642793931
552.8709047611834
244.29247451146497
464.86562210275906
63.96408870332182
893.1393865295657
545.0869507846559
645.7643794346266
903.3953593588924
317.494693632554
849.5080249769651
564.6762733641212
149.7021248568047
465.5644393113757
308.2423555610909
376.35312545157063
734.8103853270868
741.7020171121975
80.0171774338363
138.93626553652516
833.0967078571462
300.09693336528096
533.702831661633
246.02289833979052
738.3757689069221
954.051947190661
67.32722581081862
727.7258396514197
449.71253200451713
59.148973908898064
302.38141842728186
77.28071500343626
46.04777045023034
867.9296178298605
184.35397372654194
689.8018555741756
784.5727772518845
79.04019389452532
738.4895059406193
851.5393287722796
38.87491713797486
160.56096919492268
686.2141250433841
665.8166608124911
9.003277450719715
127.66664237504833
55.74673392110885
63.52435987793026
431.95316498196377
662.3930881947298
649.6451237420079
845.4343061362473
798.5491455012489
690.4328362145432
607.5422042854248
390.68366177921274
257.6631574215893
459.39920979092
350.49387201457404
494.2729165019163
75.45380642854226
618.5173086294121
160.6130776559659
888.3320964826552
448.2365613274745
648.2904334517465
107.01641742299783
338.0828663380172
336.72955664188606
106.48578874659177
281.20976543095367
596.3121693570351
337.46351206865876
887.1887220235534
338.37999302567204
491.1275983312249
33.68509349934112
813.7730222463077
515.6253027839956
192.92398732963457
908.3659481813642
964.606221677169
297.2106022582185
65.05931080473681
57.35959542984581
646.6448702213688
971.8063854639186
983.9756245717227
461.2824853584313
553.1538589382665
904.9582006982391
129.8306972345824
530.3320606589022
698.158192765382
746.7519174569475
686.4018639854442
584.7888468762384
342.18156119419143
715.5732845517133
176.04401095689104
214.02303358034123
143.96970929606246
609.3284367068951
204.77893514612722
4.364037258220543
737.8824625208777
515.035442815789
551.3630000600418
31.660402459189328
237.33506119594594
665.9599431599138
490.6279995016196
377.41938353678194
415.16457393681293
686.3778624426755
58.6716434488338
788.8812198390503
451.01897067016796
349.7965177077308
371.35128832790355
419.8354680916756
677.2115185237528
332.04419065707515
738.2137397775978
946.4405685228853
798.7436091222673
641.1150279545772
40.24810676382684
470.0248244707346
267.75940739059104
970.7998846006719
345.0658746776417
555.1877590726701
390.8457375314699
60.06605401381992
252.874268313938
490.28829675310413
651.0835364227752
860.7746674507459
186.69308449246324
958.6593868391628
241.12372533248939
839.1706427615878
528.650325363573
844.0492613338906
359.0104349572788
177.65640416952598
459.5162568681985
827.7095288263843
321.3054448116793
36.266615054614924
55.46887858103955
275.5696488716732
735.5177405951746
493.63228513511825
1.448482503065729
502.9806988248973
41.97376102765282
166.3252949667531
267.9220863336317
11.364393140867568
340.45705128698324
651.1291399985685
294.6355500899762
968.199561972651
956.9180790509937
745.3188602244503
868.852611102095
913.2816144068074
816.0665113926796
169.80267024081076
914.0041950139495
701.0666345924857
896.3685833249772
270.5976280893375
330.70502851994274
774.9997590863193
831.565846166623
702.3182826552624
53.289025279560256
692.386429676454
49.063297273294616
776.245351733024
858.6466087948054
72.39150120071558
390.89091403077157
361.9951425814967
570.4729547778753
924.9727782187314
644.1757815326293
92.32387413879661
428.8344757988294
663.9528910695777
193.9369511295025
303.67637332372675
729.3709550523253
484.97035682520374
652.6374441319444
449.3505160116417
706.0660161081386
460.84462996743594
76.80711525341144
907.1730235351059
860.5750454244715
745.153707977481
826.4168746911998
926.3655579406412
866.7855381173323
763.604855889068
680.1623156336769
394.32814355701737
358.9226312510406
530.8204146214285
157.84981335200843
319.1556463183829
457.21840389387756
696.2303880988306
446.02702637694614
227.0867916717655
955.3694223155167
551.9369276503554
587.232661152
1.4438993102239284
482.5155808905517
990.7128181477117
91.73698242881446
539.5668242408726
552.4015018842466
481.97273990666235
16.48449073126379
7.963741636658805
25.58724482616137
199.73852460236253
411.97167406980293
902.6468383952016
785.3256642705727
905.3555347221042
689.5473906326331
531.5336964494918
18.831499667004703
574.1654305716079
449.721319474258
362.0972106541785
853.4344574156682
176.6820277277502
935.2073460776528
593.5628542316074
449.49606867608304
51.4382437570452
415.7704859874876
952.8390844567
706.5878324731084
41.2308650138844
688.8047295821327
511.9258737453654
999.5448058960387
67.30880487116009
727.8508862296848
311.0799646315688
296.00758745705957
788.9217245623638
313.17894710620897
599.4670116397645
494.287202602277
489.2913448842511
856.1136828776621
823.5567581313157
850.292799504613
706.1497479484483
737.9073377386103
647.2500464082528
864.9005531921329
349.5906167689121
920.8105090232375
738.0394518630975
462.76315105827535
544.4955076993567
465.4437393078715
465.91597554108256
176.06374046505636
585.7699203340308
318.7024792424937
979.9998503900512
939.1480156364311
185.9511274167326
407.3015473348096
535.0018284190912
636.2856356945542
152.5180352342851
571.2525730272899
62.92279905585963
507.40095663154295
477.34491477170883
145.2526511067932
273.0318398182371
556.767873813677
745.8153394098064
42.90806523330715
656.8714136903275
770.8112355772591
850.9378692390683
788.276296833196
310.62490334817994
917.6160136928198
205.07561155199483
752.8985810069598
160.59349783046272
142.31183680320336
719.6315458891821
629.5181004959769
92.98484233302284
599.1937662055853
438.3694930174091
823.0601359636292
348.03305075777956
379.43369152285425
272.24532975749304
401.7034858830568
914.2149011320491
91.93080295665735
752.5552483859396
105.2016512253866
8.54636851874291
684.2674209375024
942.1954548850114
770.2688218018054
252.77591643202024
325.5450003045768
152.88258005752087
582.4449963566597
744.6015896401594
885.3889415672072
884.1404594604985
118.2153502605412
711.0521097868689
483.5992346746317
688.1894686761926
886.2961010903678
285.9173938416294
887.233483031185
176.56822648982762
508.38021174201754
128.0607809695362
829.5306120472478
70.44449287762089
765.5927109439518
461.4862593559325
363.29421912409555
874.2815595817852
401.1748569495738
932.7516294695737
351.9980924234809
920.8380944740635
174.89035666981334
624.4643669028734
384.2113380547877
608.4000858647007
370.1032273314685
894.4647816743295
913.7216695870006
132.3794806163564
811.3232968326096
880.4626520638461
633.5301002332317
190.28747930562605
427.46107976509364
242.94975059863432
294.0892206585707
520.5934260673868
483.97375107373506
153.8021037361832
834.3700893939828
997.2749059841389
81.82363587844044
769.9219530197553
544.6855030623851
186.90240870104026
295.4565633663232
960.3417764217178
528.4025335106522
2.5815102522711575
538.6959181469107
550.8016377597786
916.4093366839069
315.1733908258968
656.169168550304
84.78184238337327
109.03454771507548
27.215178106831715
803.1094651282606
623.5430519384842
854.7379036261061
694.4725828698045
914.6832229982538
218.42721719288872
958.0179789347382
653.3307346175186
623.981671942236
777.0022772691323
447.4867770283347
996.0577700775222
174.73641091031644
89.15884219430991
165.4801114730552
651.5127403304334
562.9396185777885
80.77185256379282
832.2496152873398
980.4789045308402
268.4049044263579
492.08436864113537
258.0501918346442
492.32447857106496
56.019268451073636
288.69449578403095
783.3808359078841
755.7853717293085
931.8109117086174
20.390669557911355
801.8347758889711
312.68842434103914
167.4382130734695
866.239043846326
774.1204876952474
781.8968450975035
36.287065374484115
675.6815988017289
404.7080744716461
387.70081962078774
35.81169826924224
956.585205812994
518.1774474550848
516.4730681343685
862.116501135903
911.9785993371582
794.6315302829869
322.8005053188472
849.8017629222315
307.30556818967494
417.4710201240053
194.4680334247274
141.5337336628799
219.44502329486383
230.21795557404735
496.5866040476864
674.3169150817034
560.4112862658384
804.9036080638966
927.8993613375441
839.3266869987596
324.7243342979577
794.5086118358399
469.74558294529356
862.5751950413131
120.12060728722795
197.2240849885749
243.05151407718938
487.4769254506929
950.9716765699571
184.45373700424727
937.8773854391192
502.4838824238711
958.7814326455521
111.42789966779354
338.31074735661207
31.4324466466428
878.100791443371
242.05156295917817
693.3195384302604
536.3869677819652
893.5821835668523
961.6237408172192
560.4453914307394
800.7810110677956
225.8822593474219
180.87143621234225
180.847111848214
701.2414225060803
819.8351622666784
423.4845389153553
287.9850693596587
517.71158776179
303.70598152160863
558.4907720364027
474.8357040926299
826.3103320112853
704.9321116513734
730.9400726379355
869.5694042754508
175.85350340799056
489.242556561973
331.3190723140387
161.5076999189553
683.519811237467
575.628655089821
574.6465800000311
671.8152477487417
875.6162544659268
327.4343744081597
673.6851341651791
853.5942213270893
315.1793739619995
945.7224006412276
534.5925509146061
842.8792588018571
735.3568892405415
400.8354085634984
877.6229515399292
197.4377338456087
301.3184974103181
540.5387845652936
245.60191019798182
880.3348194704744
324.82642398329364
586.3075972120974
754.5461120298268
375.05449426496864
621.2028620807041
195.71753790801228
739.8617361526364
891.3936912109198
695.9822924715576
632.4073699978384
630.4300421967746
207.9372155299166
758.6015999118559
598.9052761272395
654.6758343002232
849.6813266811465
260.3319388821466
749.2122361903023
315.8248222966401
569.4604584102444
310.621998264087
776.8215258442998
942.7585288865578
345.915513000958
446.91075782776534
146.31248903426408
148.4436058653039
846.2330396273413
484.9563427859388
626.1002828352814
609.849650449861
523.8473727693577
691.2733152657028
808.0418448125757
910.7414982904834
749.1153896344621
426.2896503174618
752.1490685451422
809.9778695547831
541.0964425302993
836.5808818428393
478.5304687553457
542.3192462864477
353.2082750077288
905.1329821760587
700.2079835333427
759.7539495942491
373.22904550054284
959.5735007185277
246.45059160503857
119.98795830963071
456.5877094357217
213.7036710818152
940.3940891591325
58.19747151989119
733.8938659552368
438.4700003365901
685.6090388207177
593.534006334909
777.3235366053453
484.96130715394037
136.25501333147116
154.92753364277357
197.55352622856915
746.6805838589186
59.28387834456095
707.3758528881968
171.88450764408526
454.75184019625334
9.484421656028918
263.64347758012127
660.7927421119864
475.67271780423613
231.38486376571586
791.1382945430266
820.2899170710764
145.19029818616914
8.45272390004359
357.48516122151597
130.26967568097157
516.9472391777696
873.5848015258889
738.6039663980687
835.6532729798224
390.43401640326726
944.0979845026687
579.0219755449044
249.69190985420275
756.3676595739732
860.821689890334
131.43619961563235
701.6965309742521
751.1096584848602
254.45004279501137
176.0821348354653
803.4479753606095
957.5732421698144
822.2015201478109
421.01858461442845
402.8339530821973
160.77283863531144
486.1379168735046
836.7727135768087
950.2472037776126
962.4728409789717
672.0521853436201
812.3922749083879
264.11728990202874
781.0878258705973
928.7808062787237
873.1624902322342
994.4631366313783
304.3787478400839
103.72516742948868
564.0527615614752
0.8498983076320465
500.8142930299022
821.2462412773281
694.731581947214
154.0754851089654
828.6416958177722
821.9632641925755
510.3317631797708
569.9164308935417
591.0362076976135
261.6374369799954
22.472479531093214
520.8686532250078
276.8360824357704
760.8934515019602
32.84766088628188
724.1285282877675
7.635215965286601
56.5282287200648
424.91954150344003
662.8247836056488
944.1127299005974
314.84436359655433
991.4571583529248
735.0560565493126
285.4256252946562
159.7902949580029
454.2990718262676
901.748564745749
921.0964256091358
721.7159413761451
189.79823063418465
620.5195461041225
393.4460096213992
924.5217579647359
842.9428872428106
480.33712821921193
333.5252109758584
666.620709008506
965.9780433042581
630.5087904562703
99.25531034589785
79.0791422142052
162.07979151799
154.89693764530054
373.16426649989677
676.500710288034
85.35389276618433
66.98975941012952
439.64388933076714
950.2038382397465
531.4716775675448
607.6645326414757
744.78775347398
773.0263597951507
627.0463819431375
801.3456121594422
168.4404339881893
202.0986020437524
877.0769681087157
559.7657501107357
933.7763634334232
145.9692369142217
265.97128374219517
167.65714454812675
628.5459184607005
499.7742708135472
305.4097305492889
723.6755117172306
274.13819139152673
155.76039962302124
556.0936910322379
85.08804017114358
600.5526584822592
507.34976150637976
52.20899564604986
397.90610959121994
273.0243162891026
661.8523285923778
263.67791381079564
584.2752475642031
342.28035794735047
213.81530238435087
961.5716085917364
955.6885433545965
457.5808473856998
986.0052931381076
537.4052830741358
784.9507073307154
694.3076897303469
439.60674986528335
573.4458628330959
661.951925747374
170.6725902006051
328.2184916753452
44.119397183166484
935.7327952973922
607.435392385952
903.1507977637193
139.52776255179455
929.2392635094911
299.9522883148942
18.560586381564768
52.56970370282477
160.4359675876329
700.7225584450429
171.53110257850258
520.8104389618763
420.27979328279986
839.9008583559291
551.7267641787366
483.4135936186755
583.8243929725508
803.8063982927104
328.223622487559
474.3593782492782
510.46018407572336
89.73572689531962
113.2441942074347
55.450187483539025
996.5462356394975
537.1389297021358
976.355728245813
818.0787492656073
952.6080100911827
860.4015319798992
803.7844714821571
257.24251941671105
980.1317761399434
531.0707410093536
950.4511850941993
803.7426692205122
624.9705872404081
533.2469950332855
495.36324577547373
69.98463109445319
911.1750634434951
283.39573710067043
74.28157969384175
542.141920075048
361.9541217563361
738.8190727575734
619.2381934937833
85.86571232189955
424.4217758619986
404.31744992474125
859.074858545755
316.88320629379984
691.0567688133993
426.808366973639
965.0047709974737
542.1991222369095
552.2361744811021
754.0446506583121
993.9400190817956
321.54328516432906
744.7980523666164
80.89013529393752
62.92736561356216
978.3535368855992
654.2396265704594
340.58667771137164
978.9755167318143
456.887787591155
816.2235882034478
595.6572591472581
447.28116548455154
556.5829688795294
276.06651001571845
750.3681591069268
773.3666239241843
650.6711864099731
763.9597305503928
404.0843350535399
687.4952080254938
765.7768084166897
625.7653252813309
714.7076759843588
658.3298089380793
86.85799775428605
439.2136507514231
573.4601687920368
649.676324610397
602.8779499269704
534.1213433122188
982.2998159132691
290.8919011305643
369.52731372980185
837.7523398870921
398.5446611455876
569.4477419521695
689.9788638819667
274.5252030575802
678.1539539375797
465.6677036957767
805.1780296637995
445.75625064840517
667.7770238766523
753.7373316476478
599.0705301842297
309.0039839690615
763.9859649202315
683.1022231541968
576.8140459942365
807.6381878886683
389.9132901082962
780.281570538048
60.10850130864887
469.93431342576184
520.5014515254679
620.3835768002814
599.3617540029892
806.5669607487696
245.65964791047446
153.46574760075725
702.8659847529655
879.9277858483783
743.2279632374853
450.6648422674947
572.9197136904642
106.48168045595664
714.612235805312
671.0832107536388
475.81694020829366
530.1117837908643
46.967509505611794
625.6936061781895
756.9369314842863
721.4653220426343
200.81935867031254
613.3632851230068
930.9769406426165
420.09339082317786
381.54793413337774
945.3850924283805
280.763088172049
933.174528641622
616.7038428759734
381.08060815586066
816.4664654983148
228.87101476885763
319.5106730836903
821.4925591216959
763.6358343302659
644.1442290558023
32.83599749498123
183.0477363600953
976.0993515345482
369.09273453585524
619.6542795615918
924.9753421433336
357.06381380904475
847.3254065250463
856.1572014723946
739.167800283842
733.9681424880916
827.4944426772437
222.21203909967969
905.8428998564895
190.69894610494453
750.7439445016021
221.3859070769988
476.49903991088337
323.18986926154304
481.6125333056661
651.026376004847
461.634726544355
348.5158108659299
691.4349364284361
478.4823526625157
234.42373856299125
462.6099090848944
107.82148827460314
663.4743173475821
77.31182936549385
117.54930458804458
801.2654581660973
712.311625508594
426.6464253063301
519.106931516763
274.0897102501345
29.389982187896457
195.15744655801493
596.4689422839513
426.2060495795644
935.7326751131309
785.5608994499654
549.5881069885495
654.3300678859433
116.38970975940643
526.3180492874548
379.50880996302936
159.52072040404107
720.3099135039912
95.324898481286
811.0363976002951
569.8938093477364
966.1526687010225
441.3327141828736
793.5117951058919
556.5666434375111
604.6080253720835
47.92269624500389
998.0428444267889
472.83802005072295
439.7758730282809
587.5662602323332
722.5869177528958
521.2714281981454
64.86401080238302
688.7536742326313
607.3676229177589
433.66026912993306
672.2397280618662
100.08164006146514
539.3154172465249
316.3613595886987
770.5257179077203
391.5008212772837
309.80628563693267
657.0865580635016
148.92738814883833
124.68144384489489
393.7501189329471
315.2636405696742
117.64323535051268
44.81345920473589
137.30070999366606
355.15819499373947
537.8066655375568
186.12958592399664
192.71196290415782
557.8577788367336
925.5283548482275
278.33272447600865
89.66527555199121
678.9956207700764
101.1574861850687
79.52831551536732
553.7979925432717
358.959702012656
676.9554160131023
93.22256158840415
63.179102801088185
671.269854102609
956.516397835627
866.0507088006813
972.3227836569887
457.0485360536243
828.2323580430163
713.8550869555999
974.7325509508685
470.3591496411258
611.6589983798665
82.1394981771687
295.2519134907926
555.3926644749428
404.9677385704977
225.00059768305647
41.554500703970156
848.4441305791686
370.7625901810201
648.6198738130413
506.28201251257354
413.4737832793578
696.7752162486534
911.808768863828
749.8346783835369
630.7595994034396
750.2533596611324
243.76672542090162
939.6122268940707
117.92081519396814
286.8781142330041
815.7983385649235
697.3017503337556
642.3799383837351
769.5635930431073
939.2009356963607
675.1305452017682
741.2514563988517
285.54762221186616
567.8019102644017
748.2245104236271
989.4139850917802
329.8638616727119
881.9691621656967
79.33348420526175
790.9796990417414
931.1833462454268
700.4370893390022
916.8991183677807
251.00777461021596
511.7199038829605
44.97929406992907
335.71087933342034
44.9088409184526
548.501657546892
615.0551371741095
594.0318107456404
826.4666043245496
759.4290324444253
847.9182173271522
9.959965818982175
542.0496462004265
379.5156162439961
848.3099452592606
773.5839825485268
178.10413114244383
890.9610326296153
263.9031794820309
216.98792433206881
895.3224264167739
815.1062057282494
645.5764604729924
407.4101064296204
209.24108150104092
655.9408701450183
631.9092489681946
709.1161478867765
876.6782979126972
657.216132490798
23.150306456546478
181.0009364545394
671.8638397271266
303.5499497620893
65.06472981668487
784.0380065153967
436.212296084685
594.8107605642484
488.2716884803865
120.13309485753365
966.1293258266277
295.8949766964688
47.21141341185897
509.30205664839343
416.3908802480758
800.3273818422408
74.8940482607322
108.54112944524552
97.59233355969744
845.195485948245
897.9810667970916
683.2010341615261
8.625169144367062
569.7439807199062
139.85115613258748
722.4326400892569
375.9581884745229
13.453008837174597
726.3573316601637
505.87158780511277
486.68759032683874
270.4689701634494
563.8469529884976
13.582610562950958
20.67984519441557
754.4266757907391
755.4422227880607
996.6264669781091
772.0637962068157
874.1499210955785
339.6122857901309
57.53285916985196
477.062326846198
438.77839823293243
834.3620365480637
269.6231972735692
478.4359912169888
926.8960431554759
472.1666992270892
231.54783770482157
253.48019121057885
457.08597459122245
386.78122911084813
764.2210366066972
602.7686724366088
370.1345870730163
756.1130916632967
534.0979025450474
378.783191024933
440.85973518626264
141.25901896426373
325.9699701414578
322.4119046084197
442.1523206907779
967.1214279493664
214.44837177294863
570.4513237166344
122.9304278277339
125.88668810815729
228.98345063966886
203.59880593047652
813.006600612592
172.00011532076542
211.51532751879364
306.51855094974945
907.0577749000765
763.3169939041845
187.42424070044038
695.1241375017587
270.39224304423726
268.8576734285395
117.4213312467538
411.23828546274177
220.96773183520625
652.6851289049521
813.9636479638355
142.7376437470561
771.2576868496346
172.71301211591415
522.8742803973919
718.9021455836286
683.2350954313447
810.7477213336114
300.52950065430474
610.2637405786764
265.30050098916456
134.70263074776878
183.76661752547307
248.64010479959074
689.8076440721247
395.2576268832668
676.18062912115
319.2705274937051
990.1483401331449
368.7362912883798
988.6888746911842
440.3768076242003
764.0265600470068
676.9256617432721
497.08644850042816
115.54468856914168
809.0978064528447
214.62262837854152
590.1439754637391
194.84960067569935
461.6432261758291
603.4569402391052
86.71429136206754
601.2556740301283
958.6860878477256
403.163905413057
176.2060218310004
426.28113042228756
130.25799575432984
889.9802237895748
954.3082248285141
579.2564608180513
347.4495727620086
244.98929098859756
933.7821807527187
108.61859075549695
356.66417082273347
688.1617746607757
294.9226565712015
763.8645026781044
788.8759323533744
440.7445396617361
26.878435748552644
472.5890050564522
187.8839992435033
700.0947282176894
453.99520012916196
830.0959658490162
756.9556796917543
22.327335834782303
294.44106243256675
921.8290613786213
866.1258350661981
530.0864217394549
909.6899065124667
412.56180929009025
344.99534110811317
725.831427665891
971.6826223675755
652.826399852522
734.539430822344
426.93655681415635
414.7996567764533
718.0262966372053
88.81088531204517
267.6080467245414
890.8973666179872
423.86949515110814
958.5487890540347
30.13658707719835
855.0861412898053
379.2263608757389
457.52499930421067
263.4019184232639
628.5378865163368
875.1340474997437
856.8353068066032
290.9222117613989
559.3613829736566
346.1972755343432
54.42575418443663
627.2212156625707
686.1216406718854
962.9609238249976
257.27286414420735
356.644252882205
139.5740361686344
785.7047053679638
570.39829479455
189.30583901209187
612.5827542985976
418.1093126469936
548.1122701995226
656.8567584480177
300.1077826998338
476.9822060633692
360.4305245817374
595.1330650235489
964.8654769421904
325.04139689128755
554.7700243831766
100.05829291444147
900.324948019757
193.08949781656293
222.74740632407696
99.13720134584258
957.5643263031499
922.886856118105
19.720747657649195
400.7511691428004
694.8865712942387
18.664698029201343
904.387472773956
140.75369714721685
154.09049810283747
67.62603232538078
198.23843731459544
846.6296977404801
757.5067930716817
811.6897063226655
564.033287790121
531.6126368254703
182.93602580900247
945.9551058843865
477.3782072983354
528.9018023637652
195.36184419639767
113.38107821180843
329.12182062710946
826.47194319133
707.51758217913
110.79839236606315
535.6904000001813
738.0296541704216
750.392318756599
916.163502687558
276.76123744294244
371.19564534994896
417.5266011346692
247.44529850811426
968.0361244048376
258.67200379842626
133.43276286577145
374.00040912598075
659.7911184377633
796.4181839576275
680.1822190267973
707.4086211642601
547.2278036268394
634.863675013297
424.5380820567568
186.30543745132812
907.9439088188619
154.1650792056084
879.6612907872612
532.0033755687006
751.3324321147046
895.1631100387922
632.8012972719748
457.1899826660212
22.139954907175465
61.210047498186704
59.51123037385453
677.0548562619474
790.8423903551924
197.38349959176261
919.8688239619278
330.8296503508055
846.69009071771
310.1460789235648
560.1852030023374
25.96931464205243
650.0774378745049
182.50550038647205
465.3461049348226
203.5285572224791
285.008662394323
961.6188963086512
950.7781154970235
180.79076491448777
399.4690953439338
83.31064800140786
257.13029836553767
483.64863355271126
794.4753758628191
626.5133923841995
886.0217241941845
998.2710097977583
917.8208410625746
43.09286186104811
162.97029052555345
455.660487060359
791.6536138276576
181.8209129229933
179.5908835415543
689.1532876452936
813.2248572687153
928.1220691925911
263.94406534511273
776.3235631604603
660.7844208703232
317.90034264104094
162.54060475959986
73.47410585202807
523.0862055646543
435.6193746573923
812.1792198547993
155.86023141230964
763.7860796342505
737.6435877138806
834.6963794064451
121.5366515394457
875.5207621458395
499.6435073869099
646.0128952620473
480.31113809356174
449.0069172308295
941.4723585621048
554.6209774192162
101.2765020324743
871.0099142943029
745.5860729348941
779.2015529387853
498.1711064266666
590.2862692342426
639.5803193711415
613.3056869909044
867.0267458689867
316.9879544025639
143.96156881869447
315.56610977892717
20.845389861849362
199.835563152562
134.49436622128385
241.6775316214973
798.6200996623455
363.6153024440025
13.843750457159354
778.1064562090388
108.57329777049252
917.8898114773408
149.28262518401226
968.6743616065816
660.3915397467695
492.4249308380022
431.66306070286197
851.5219705637038
653.6352642246428
259.4732591645057
479.10640047812836
806.9962650524088
330.51027055338625
370.212520756529
114.23508697740282
328.8347663693215
775.9192826550559
864.6208966287626
459.6227621681349
170.67735806264827
45.2065238381224
780.702137138436
360.0822544887482
126.48701813446573
336.68646751503985
820.8012428255716
17.122222396617648
494.24555393395065
214.87146841629
551.1183917864724
189.35722317211713
401.06372446973137
912.7874867344738
128.57228356177586
160.37506068642105
139.38268570769773
373.4318841309592
213.6984634025302
134.96981985089263
751.0847501123035
425.5188805377625
632.8439680759199
957.893768645385
11.587593481556247
719.2519806452724
531.8459006591642
783.4243773405807
294.9144631118231
15.609596302847418
283.6750528298008
76.31444371440298
802.8084901416531
832.206702365335
853.8380060109506
482.5970082867642
13.158527440793154
571.5751475947269
725.1620241448326
346.67729005284986
906.8235373203147
297.88358306750393
406.25749244582397
214.9526102884889
498.2141820661012
327.93785937810327
189.45747476886143
418.8048976787786
323.0182029688902
810.5560386691445
245.07525485285186
581.8824268258223
380.5605409430395
15.810755293047318
268.3208910319149
771.4412255240815
728.9061171491951
769.6570397521765
757.7886703386978
243.10598669906258
309.74936244726945
732.0629245725047
774.9551078829844
956.0070836182269
196.26189305638974
639.2758431242248
223.84187401530863
902.5130223049063
290.7467815671423
322.4592011585173
120.29106739032936
759.5211128440654
888.1944530846733
210.26135369177058
886.7714257249659
195.47865321926173
598.5407870326229
496.21602435830357
704.552086106441
974.3409544311909
980.018789113086
168.61022836187865
9.693893984003887
396.3508433717867
537.6848208046382
143.0413788218352
674.0591719583748
127.56187431894162
873.8160285901535
249.77498356680593
8.532249219552867
488.16380085662547
414.15799820815147
714.438813820349
493.33450359815976
155.5418327582211
607.4270143592695
48.79623027906044
78.31761587009989
641.4481443471338
847.5177737658262
215.59124525156537
388.69030076471466
992.6170436049955
659.738479316661
918.298031350194
876.0536323705851
722.9247273831584
714.9162834145418
304.5718779811666
137.93158813262428
362.5960635323008
995.64944074018
761.8444254899669
779.4135106069087
203.4920502185883
30.008815899995156
403.26837000116524
618.7474022746756
167.43433037320833
215.84684866275072
727.7883000036786
783.7198428069286
801.9069978723381
499.79858837196855
125.12475196251027
212.6866823679714
905.6172331800624
841.3764919638144
928.120667633259
997.9044106224966
247.93533213613395
974.7516426884272
964.6244495856015
496.91949452123094
395.64581338235604
97.14174719498148
588.7572130938021
72.61285138658336
349.60106776862864
204.0883227387209
817.2413691615886
254.06998194809938
623.0359425824379
644.3083700346718
927.2930414334398
290.0472792422405
811.2885021182793
53.84161871518089
194.56440242704264
555.313894260357
136.88496330623025
661.7081256569832
160.43204148234446
393.19817639386304
851.8796209669985
81.53534580581822
796.8126602266475
652.9023924534747
84.9638061931981
36.71129203583368
951.3236787593629
131.7883573933397
271.08411266867785
673.2915372015553
485.171275100174
3.3913555763641634
574.0274923023799
310.0087055085873
81.69320787522005
668.7288954977009
125.39984426713869
188.21144899862043
956.1739970487762
62.128110624301456
824.2335279524985
590.9252330607786
701.7560904142787
642.5544375336523
241.88574594897884
924.6561314387168
262.10047511006206
43.530792501846435
769.2202376272533
54.852286308588404
727.5769716162921
29.923863466359446
369.12788261273823
694.6416530045062
54.38635822304716
174.77216071681346
154.1824526469141
926.2244675992596
856.407368974515
440.72546096892216
682.8814055391992
43.0871386532844
250.5844756771366
795.2126973304823
425.5352458387307
116.98245675568286
286.0836131785337
174.1592441411669
585.5152554591614
626.1113251771168
797.4111598153453
172.01885951595784
917.2046463589783
977.1792798682629
528.0729728768601
3.4839128088827165
741.3924447882745
127.44993489435052
627.5408842406894
579.2099473350041
955.8607921452801
629.900684173611
672.2887755642455
958.5734352866788
52.764677809610916
870.212333704753
950.449318643374
979.8659854172099
981.6229292702086
780.7561388296385
680.512010536792
574.1072384727278
383.2977980571972
2.8233153344209283
389.56239348737364
865.4692029333479
468.12075690350997
319.8287672054089
469.69692942361695
119.80701755704438
324.1179487872008
889.1692187170867
265.08693993329
411.55048483090684
625.7561677270138
301.76724372135135
405.35490190750966
552.9482350014792
119.48559233317046
419.28861366989287
921.4461922805336
951.7028586662943
471.11449781337365
945.2499857817016
558.4519458109029
690.3698270810817
445.1729630640178
473.2267488513631
204.25454494518303
858.4037211717703
420.1986579032978
231.76936443745666
876.9496827651043
535.6356612436699
428.15086570559123
54.209171134301684
469.5989778826053
696.0376005308732
377.1036870839131
494.0755870416088
383.33418798761375
894.0215366431732
8.853951662208036
474.92445703737565
68.96066037218517
610.2761030331974
726.8143640479267
365.4847642850221
308.90049711169075
436.4285644359117
78.61279086153905
789.438996575827
75.82361315044228
737.1506160678211
293.25679739869395
455.8749959363054
742.2477416651176
555.2893128607143
99.46480265631452
672.9853352032989
460.8582285888433
942.0527054536079
868.4048024993481
168.14705836610267
502.5679636305036
496.34581589558104
90.02293326626598
87.62970633119893
318.8034485715
209.23225297326698
748.0203754167006
516.036396812233
701.5940496144138
748.6999812388914
193.45742208697547
205.78504838545396
772.6307015849912
242.05219825097146
897.1554490844906
887.0653881861948
296.050848484939
519.9023422723762
41.890872651164315
868.7785458765803
934.3222245659189
959.8883208116108
333.41013936924423
356.77622298089386
156.51934727761173
97.12754313725335
342.8238385821678
190.7941159219263
439.2567323483829
893.9981098837868
444.87301677221967
347.0840865568182
726.4282752511198
410.4052214661844
174.44418505930759
830.1925729894105
146.54603990202597
129.20958322196907
249.4541905779465
208.60435794919107
420.11544683549596
863.9008454224656
219.85646763187793
922.8246033407937
280.57633400905024
870.7508016984053
801.5035496406944
831.6959157412452
427.72570641508236
787.7993427354432
75.40806045142445
922.5039295144044
469.5742368347616
2.449245364154806
614.8326591335076
418.0547905328569
50.59394817011209
543.7303704899787
715.2790476311446
734.1022759130318
728.0863260256344
841.2581049800797
63.039534862623256
624.6374235656297
103.3882362743307
754.4217128073866
127.47157225169458
518.345598121568
970.4616926373191
418.07975010059886
357.4779323317451
266.23733815749085
471.74935969189426
241.96364674575432
784.1347844743975
421.40448331789713
745.7671427163368
697.6261385845195
386.2667999738022
936.3449054597567
844.9034081179533
63.816433320868725
29.47389750105167
782.3981003568813
95.07430911616221
11.331173483425605
96.12551679636383
759.1968869428298
37.65377288061844
39.79358178849179
185.9060607064329
327.7067785735894
116.55036299135723
517.4903394486071
52.41260381485802
661.2938972994921
349.20847685358206
879.0524383504044
225.6207688491506
9.341276967566037
345.6371595375364
82.50703803039539
256.14694458423605
815.4065944880581
516.7857665908973
948.8732699114289
540.5831334376577
495.59144511001153
290.48465516359323
416.374989945972
387.95022664545473
145.75059785817368
998.5847666879887
341.5876901122209
784.1479533088067
297.76071525104544
395.4222745774978
332.1433976852345
840.4384364963565
317.4809834476744
265.7898560363049
778.7026123884172
476.350245633545
394.91797554839445
553.1503022606868
418.42251196302493
906.9454050574476
993.5494211588255
888.8964044653783
345.9468084310978
545.0898286712268
703.4258884190295
798.3889252758279
657.2430114188696
364.537502121092
753.8566765486512
923.0940611507883
88.4833025939844
470.2887600744045
823.6364421231319
591.4163050304657
831.2756085998747
223.36762954875778
346.6450144433407
837.4146705732413
242.29936004307706
994.7634875435682
646.8373934626178
56.740746447109025
501.39235369050505
848.1535494869486
381.2687090894386
5.58159949018322
155.19404951480698
333.2190191293984
940.0444872972997
594.6641146041376
124.88308646236534
2.017099915149423
150.03921681996422
629.4864449370264
693.6296566028487
909.5834867695928
292.44694806421234
227.67520944016638
695.8027693130795
762.6607799731547
316.94806431061653
883.0707709354853
417.7924177270773
201.3459707638735
173.47318723826476
28.174507446426244
464.3104485372378
80.53189996321153
444.1161088165974
750.9872062048573
341.1444727663665
547.6760957455684
350.1818022348071
115.09075812950364
682.0635813067526
66.84135820990744
302.1214999880143
446.03679852174315
716.2543469450987
895.666932243449
393.57071039215595
842.9062001054583
737.1587900545012
630.5979533707282
377.53579278180484
298.80215126874543
568.4916100542086
662.4587440376345
250.24490524757303
520.0371669069855
514.71353128457
20.17620226279582
240.32546804291354
551.8015930230241
547.1979189254043
13.533430497441046
162.01925393965521
41.06127347193789
475.57653112872765
984.4164472551896
477.39765775988576
237.12895101809528
367.3417761729482
979.934414476714
796.4070037004949
487.1977076708863
296.8878863984419
599.1857405818424
914.5997458708243
337.8732924254305
312.7434493361372
131.97120444915112
19.36441303712144
219.66618046062757
224.03798983468005
18.679627440391645
295.39488487714215
419.31738472910394
270.529163316075
919.3377015772171
904.757063083748
263.9666063343302
367.91930311522214
989.7774817370679
923.8953849187805
600.3356754948217
507.61507702011676
51.551867586439926
335.60194077854453
383.56059510981123
880.0474468006007
272.6441426206828
824.1295045343891
893.3093249595681
724.7277210893711
86.65693435790655
690.8845456784138
547.9923595662318
631.5386389447406
287.12817717226415
147.30045633892473
60.04341945927416
498.3582711053388
689.2201937142856
392.9007459016763
196.46968341619052
267.9783536829766
331.2702497332276
948.8116550595937
423.26486982325275
446.4663135909693
742.537413843569
198.23642798683971
724.8737163387376
496.0064523837963
987.9091263101059
364.7571111317269
49.78497706031937
183.58564404680544
433.8013569462606
660.1237709843109
768.8286511006128
360.723618140379
156.32589748518666
15.680005855052137
579.0966079227429
546.7966687594173
263.28756888866224
427.15433857895715
810.939204979015
842.4376775976131
95.47813254361736
352.42581380447814
405.41654877299004
254.45908051719235
571.1309387937232
842.1686024861224
612.1202319591519
543.3781901012285
438.26252974602687
709.9043369883717
774.4741742391583
433.13888075140227
159.16160068961315
767.0770535071025
915.0391464619936
592.0693862648706
882.1437762369276
371.56816554922653
995.7207804647722
57.878334168701585
4.567690781095979
580.1726761958935
515.3189648973405
271.4163109339107
960.3710322744073
562.185140785617
553.7893076445966
940.3181063959222
518.6839745471725
141.01363160548829
818.0230028510483
622.7142602771752
759.511364205627
407.5898953157253
821.350791592392
257.89865149575706
155.05204675162298
148.82233056115356
667.3604345367388
434.2546161793788
851.5956790216325
209.4717353883564
385.49383291635587
395.67923867552435
767.9680266191345
840.980162083734
304.07799133782277
716.8846509374303
450.8578436418803
689.0879177108679
949.9568295533281
199.17972516199367
598.3320759425144
236.1046368953167
202.38617350032794
133.8575503143853
702.1045149409556
394.63079541962253
614.0310337434561
240.43963819349335
630.6242527883101
427.33378016119264
821.132495974716
119.4509323038263
180.9038206512572
319.9961873278518
856.8417702047292
62.08733458427807
52.33976253859252
513.1371871062561
6.942151348461878
862.886866657205
431.0442689060161
245.90548193033223
52.97479394544513
743.9967096986246
701.89675017865
476.6874690165237
479.8997397288541
884.9216094972953
356.678063326768
563.0511664079398
301.2875821602158
148.54215275312143
904.1135041033834
321.12004963611406
745.5803950450597
116.79544333575764
129.15852242820492
166.82684867393627
432.5274191088513
978.915025641897
438.4986732646522
24.93766468268188
153.0320073851893
424.92398503720943
421.38504041381475
60.781077690229665
136.83825793356985
325.4003970170686
43.387512935028624
785.0764734582914
911.4072293033753
185.23698329247452
867.6530422979508
794.7968811250261
248.68534496411786
242.63588594815667
714.3263817411787
567.5165299626359
555.3221299213362
863.0745050824135
358.6119083387891
605.6193295746326
648.5805599459668
555.585942157145
375.57846084157234
569.4427370148127
391.2685301402683
197.1174977556891
809.3879173168664
930.9577021214795
189.50572458718085
571.2943437259333
625.8574064996774
871.4263977145032
770.8169040743351
203.79051384686653
794.1938082186338
204.02897048346546
718.9480679736427
779.4952515835794
760.3010355886715
381.66358600503526
510.4538651682005
132.23816765600694
962.3736584183761
169.96915438112424
678.0500510306686
117.76553063117623
902.449704810651
509.08572923042897
266.10282337982306
63.8338714964577
600.6649341413895
356.0684466460193
620.5298115780446
336.2245956120279
915.035266492437
628.6432238928427
851.7825474032975
330.2898057383198
948.4701707355192
69.77591332583589
268.2349555895467
910.0614834822507
828.6158484797908
198.11812944048634
691.4998540059377
675.8826548864453
999.3381624246357
612.8496135225747
839.3706907382873
0.55578983228044
366.0801905455312
315.34314631539684
138.65868780608136
274.02604200688995
47.335809194805954
104.85153706206984
615.0552565466036
18.53029149476515
571.4208951368023
560.6682716661363
733.365825801903
268.86310690757176
752.6450217258667
77.7260706171633
402.2148103286318
42.08128489501517
841.9689565375966
360.78237906129164
707.7087560347688
250.48311418368473
478.9250335032701
320.5081266925649
520.8467040501494
852.5850817826334
165.83770362256612
240.83274128083875
648.1874444500005
475.7831124171599
342.6200898532048
17.57700888408087
228.3793452655798
363.85583739159455
109.69040089121596
892.7933659101185
926.1238000136027
288.72833462805147
944.551419316156
161.3199266292169
369.2628261378018
221.93640153789218
217.34356347866745
599.7212665040014
348.5621005992552
523.870152634209
254.4593189168455
505.1766910010259
854.9958778572086
434.80348918764935
114.82275818993249
883.8990586647604
941.3936348493863
511.51978173038714
613.6535485580199
260.48915938060657
188.84796717735165
736.9110504918181
8.288533303405288
822.3457196267321
35.12093424314755
983.3816989472651
803.9739553573556
497.94282675966963
836.883688027398
784.7890259628577
649.3034460234079
602.5450523190193
272.97763343095727
351.1265910946495
288.15489322072887
421.03596576808076
421.0770857727547
721.4627400001613
190.0394477314138
398.621624876589
675.4902027254943
898.0570898837682
136.476588270661
495.98297009496696
688.4399678391022
994.3419359387728
889.6406627414656
54.38588110727027
838.7544189930303
433.29199232506267
482.6512368514053
483.6612980206394
741.0582837468402
181.53550362622462
420.0974556931584
733.1149846139632
281.300466876217
916.1152613939986
626.8039480048928
992.142418002828
217.3111859307545
196.3952517165063
436.6630330004433
229.29589935399252
854.5353592643274
222.16540587432831
552.6545614009794
344.09631659665297
922.5876686119603
97.14398509028688
535.1432447670894
470.2239234878236
99.44480821893397
408.06465134299464
664.6154963065586
309.2239654642305
191.7860832520516
371.8996058480676
116.95750052329824
630.1029404375303
443.0184086703789
193.98995252105965
370.9524819714941
704.5011597526378
436.3406024983665
532.1678301689933
236.18363362859972
19.407012774595334
908.7542569322393
877.4755706890124
497.78558240605275
470.13271786360076
769.2380783553936
477.5720838229872
504.77605057897455
267.75623875868314
205.20619879435043
178.14776067129944
777.8211085286985
164.25140591063226
900.3140423104807
440.98449187220723
243.84176631683664
191.42084848702524
833.2805668622393
552.0015189062261
28.03513056499185
401.09334586151704
602.6838073370576
144.12961689362857
231.6618831841787
414.44311106454967
797.7063561399458
233.64419161631977
550.6493435019066
862.4938479000963
50.82707974799583
126.5071600306864
235.81481069747934
173.48047640872545
246.21902630595628
838.6558508313752
925.8316856022398
784.889012710854
683.5757695492797
851.4301736430084
677.5900448464927
914.4308749719901
345.65672435301764
884.1816693943765
578.6217657759584
15.817291252146259
789.9306812225833
252.9337056051415
305.62275916331214
815.6915115262931
551.8364929474164
552.4657916942625
853.6110129819859
857.2940949829673
665.3042955854393
475.59365863855993
595.00483346927
358.09559627627584
307.2367902985594
355.76644899211965
748.1362865662327
605.3522032721999
671.3224814902296
780.3533610730307
775.1321504569949
199.90419672599015
828.5527142918024
285.4886947526621
885.8448760273122
833.0870559769448
842.0923407393749
854.0967938249252
617.1037622982442
632.7204704452832
15.52154974350528
351.10170884384297
982.2526569985346
144.24611735067182
544.4936896121874
435.0655985883539
594.4700659972456
904.6684435744218
95.67083102993146
438.59138980717137
772.300783936013
440.14307986556236
164.11199714976365
705.8930889251674
223.90317226530541
614.8586146962847
64.0463444512408
974.2790076102924
56.415658318552886
293.3470612562455
904.0750395583229
896.8578545866986
954.8454688183997
730.1732751179675
846.903915991376
295.4267117738968
28.466134960032697
647.8861747006082
583.3333827023434
150.15234192363135
31.998659182602363
53.99151993163353
845.0184866465776
494.4900378115824
536.1627558057677
671.842491221303
992.1059291497512
411.86606634188007
406.87659272038303
752.3771520347636
511.0231892858389
471.18715768768436
295.88170405195467
771.1445519954848
608.043540701908
913.5883829790865
466.1534979015389
248.30108161538033
791.0962811464882
458.08679356024953
913.0228641145693
88.09949443319287
630.3513625863666
591.6334117480592
558.5165502667788
357.6818947929108
912.9503842377156
931.9079456395467
461.31352039924366
868.1775760082512
115.08374842062408
250.24742193115947
957.1239780681892
632.2519394335804
493.62318636541124
299.34264619166817
975.6508265742422
330.7439142905216
905.7538068823461
580.6041119442555
956.9202334482511
973.2030795038364
128.07772473333068
353.9539142011493
229.0195036235906
169.8371795431639
481.6136569384368
664.7706578982211
895.9347366570415
517.9112413017764
853.5685369753191
810.5670732443587
764.8965951528487
104.54927396045366
8.949271051551854
791.7118918030213
811.3292827083685
803.8638534909517
955.4770402164581
30.232821030760082
117.18155151962561
416.0073801535126
42.06857685009824
776.5519636072788
60.12215057304704
392.00079733371626
409.9422765123423
143.11287319456866
584.1800691099938
840.8048242750808
625.436024944208
393.3751498714292
577.0092421957892
908.1580438922219
265.7188866951555
902.9272969364284
64.15975293079812
726.6970303941368
621.5554741746721
456.6533045831094
557.6266472493322
830.4801227391681
462.94606621151445
629.5528323494282
558.4187743121895
793.7643002330143
489.91805633935826
846.2626382678512
420.52202170956707
99.10212209255742
812.1603264236952
349.82026991187945
628.3657858664673
377.5747869996297
890.3875526173452
865.5105524177081
709.4757721715757
340.56841569593666
417.47972206487395
720.0577848180902
955.291269085596
614.4289335412743
98.29366761844472
156.34937614389955
749.6914997342957
543.4812682157857
931.4927589392591
995.1063261652062
551.0726224885642
472.5779726972589
246.69702736155375
139.59834755044776
889.8087628510552
256.26872700653104
428.6936842789553
99.37866035239907
218.66814616269815
739.2734874224358
548.4245894233721
466.6556312055542
761.7005159988665
305.3075110556117
655.2372987723131
608.6434755165742
755.2535753611731
20.05957754789245
564.8061709107354
528.4938749780013
691.1820892852213
884.7774401552692
53.03825607177848
847.2355515085068
598.3227808514243
669.8826226731342
360.1272263843407
27.806025695130245
522.7731015829128
113.33404985956442
994.7408360322015
794.5172123198016
84.66049368248495
509.46245505112387
206.23526073565034
880.335587461938
142.38112999747932
310.22510306042386
674.3370446567386
61.315127011216774
978.2296166273974
492.99330159430997
87.93879614461243
680.3086353761174
864.7906984890144
620.7113756633911
84.10380386870675
609.1796139581966
702.2388183864558
149.31252645481808
498.5403703927086
459.85454424740055
85.96438887908153
405.9148260654005
60.759827531751355
526.2777369240547
303.728785632625
716.0801334438877
912.2030158825862
614.9672545883916
23.67033032298005
922.9509205829839
946.779144739731
212.42951280699674
554.1941710883017
418.191940529736
87.70684833693542
541.2998896193458
886.3433999766385
332.8256911496913
687.6798773572758
807.1166280455496
981.0288241691743
177.5933107245964
73.95683310960666
633.5165478697392
147.77659792099828
48.69702034404511
897.5995896509737
323.5541322411546
782.9476541228685
389.61069415053316
669.233555347271
194.83533655381814
287.47657746661383
699.8991870034923
897.6236901838515
403.85383753401175
832.9417723606439
645.1026207200721
420.7136337639827
265.2823965817005
74.51858108151232
809.5727559508509
12.855865440538071
664.1038820232279
819.4472172590015
26.560988046391397
645.0185753295193
35.026563587379435
133.60921136961144
216.85911910004285
564.9245231308984
840.8522204395142
936.3906762961221
457.0206547518215
906.6147624205294
388.92999469995516
903.20310614185
658.9954938985417
445.4884294884956
995.4935294801361
37.624127851927035
11.064856004930013
758.829789433645
126.27407455438278
316.4829533561532
131.6850884470834
431.69677990719015
348.25083484628993
504.13356654142103
715.568653355619
970.5728191005331
71.15448822626603
713.3136949002705
790.44911691747
552.1968046445038
921.4509805674853
422.3916299704418
692.9238460055946
728.3066635068919
618.6483160259187
50.15368393615604
372.5621877864881
124.68918760677272
77.33731386669662
706.9631951071304
534.3703350019136
985.0049650162367
968.6222900815598
321.0211011723563
955.133484185552
546.484427776749
391.9686278395126
384.9428282587302
312.0347855519451
869.4999474905323
638.1457844970844
516.9243630109844
106.91835636987257
726.7406777315093
336.35783949538745
252.74133747215788
139.32160284051264
308.3665638510039
998.6458707435405
559.1550864355881
595.337139084254
374.28806144623803
624.0871703446953
375.5612066400892
198.82474268900884
404.46235759972546
519.1719645042623
528.5889399840472
990.6372060546838
740.6115592322452
196.2482454291211
33.99461309953833
395.0599629806215
60.00379327157512
669.44461472468
889.5497544208728
770.1685928717561
175.23507901262957
866.2502432924018
768.570592888868
438.0808200125199
71.82712570303774
121.92575298164599
767.5150046128176
569.8594964556744
622.5751063755296
907.0476008772467
735.7578373833957
70.4414210559975
449.11594414849185
697.0323371439716
39.48533684703426
898.356426344045
47.534444595925706
234.69149034581716
543.2406263676793
193.38292618150066
513.7799424488346
85.99593559461682
134.5228650154765
65.92669935094253
876.5232951538416
748.9843071431452
526.5990504171319
758.3571096509714
190.1905665255179
18.387620173683338
203.52254664757453
882.9807349473255
920.8284196065576
808.3137646466761
587.980404433936
117.20721066648132
374.4497572413417
484.6856918029998
167.3132017963579
603.8047189118579
675.2397506139922
915.2427568063903
388.98284247143874
97.83384221615754
814.371788787214
338.1391403756665
265.942341218059
989.6846165454011
492.5674403134157
625.0786701938413
684.1257973671807
43.62881817380582
235.1139687155357
637.857102325197
654.9798708405348
30.283917453279408
125.71869018592085
337.98748261898317
159.3883211147552
970.3575082983526
872.1469174318864
139.35837835113796
295.5107620745313
910.6858443254836
755.2197390814939
499.1729754117247
416.68084392183204
577.6861771483585
405.28890570852747
254.0517776716341
61.30594006861634
831.722107060565
731.6525002093019
268.9651708033455
564.4314584435737
920.5018221515431
683.1165587869413
122.4985684533736
251.56378992473583
164.83402020007432
874.0135753429879
105.67485121657106
11.331927928801
941.9132303793132
798.9942462732972
290.4109113548565
885.1284963617139
744.4904406475564
410.481865629882
486.7877025336569
325.86519824579517
688.1862026424992
471.0157209387934
676.2186856921668
179.05165599473983
726.509716025837
327.13881435748317
700.4426178576888
188.4544817094138
364.5983370540891
338.1103719329855
465.78048386098914
572.2975551873935
221.73802802277575
854.0922496595149
739.3620215160557
291.2859989647315
598.7472856085407
302.9919957204016
386.488591795951
235.13481050533224
870.9813885194523
241.08330546168543
681.7597055177091
212.65518861684117
116.01417360739686
516.2947326400705
475.5178798654729
701.9207470608133
206.6220851270353
288.40623312345105
469.52982618717675
601.1429566105686
995.4422422325305
104.85890926299734
175.4560437473306
107.39348999492726
893.4021923679404
861.2322524663012
646.7298141179772
137.2505971531016
598.6425810465358
135.71669013441613
647.2934509279575
657.7555196188299
105.03175454197111
846.9258082593519
194.1869924994325
619.5330011556948
900.633780026855
414.39340863933336
441.1211254763724
97.88925740246934
678.2942371024919
684.2235923349062
321.10232500797787
557.8240791193834
951.1360346714498
617.8551339369756
803.6802439959902
943.6919474623751
390.35051652091556
227.4407963361278
553.0144645578464
232.42619809059596
937.1856975885431
745.7614685330171
722.7230752850193
428.2929437488039
754.396727083012
440.84408576115794
6.247463966482569
117.1431448851713
610.2701369954734
684.6311788361049
91.70489615880217
808.5068455400476
626.3079573241604
750.3075162286502
22.07569603988635
479.2405412634895
529.3625044640103
305.58659436626124
491.5444562757241
488.7450263390285
146.7120008499583
788.5723829271307
984.4955212756596
388.9575952504608
762.8251042134922
602.1320591259024
184.35155721172336
699.3521405856419
980.4186526064616
866.9915409206662
515.7787897080177
893.1436063969841
69.05472039325156
370.7591155009063
145.62924321825164
114.11667186479445
879.9159303914812
501.0830198456825
14.522087719245679
214.1222020442145
941.6287810595286
651.9226200984664
490.43373336282406
151.35354819271575
83.22650056185799
803.4985444208774
402.54747124975654
949.1563342504276
819.8713470108577
944.8536447069082
953.1702711822394
816.3869250675153
578.6383890313342
166.0011516090054
615.6697531839906
539.455768495678
110.84350447862357
879.8943262988645
770.9419842340308
171.6024738593006
828.8391834467983
454.3952846994078
595.7360432581446
634.91528828785
540.2688272159385
288.57805212179454
199.32977703037258
726.1031574769044
89.89160615760628
155.50224305709602
901.3955334397398
354.4376699454733
102.64219575151068
630.8173838641808
907.5299320213833
500.30123932424397
945.1791257567057
174.45106418645818
219.86076239450546
263.0958089513654
138.22549424270125
756.5659259671202
499.53450453450967
930.0373344626727
403.46670776278336
460.10256722831247
580.4933152309844
604.2903920501813
569.1293537434573
764.5352352325216
752.9421673431627
205.18475638445298
600.2277418551693
828.5973984669869
395.8053748269832
484.9947814995004
562.8465780091886
506.29641908506983
22.81632340546369
73.11213414359308
85.83046550573148
901.1460115508811
512.0467713340162
691.37963289154
841.9135571254425
137.28654110537485
548.460679435512
765.1484756389908
778.8829042347589
954.0082893856896
936.5219271991768
887.3051238913661
341.5435475854316
240.0938089707476
288.8398782877688
769.2231366990208
123.8378374405884
781.4087922171018
583.0412716931844
642.8024737908124
611.8497362463916
694.9955141256482
638.3961979047468
754.9054423837297
839.4224048588229
244.27522105246692
649.001156845422
649.5014161898222
185.30470591780258
819.8911984157054
795.6366535989464
748.6846722834223
143.81361672305394
3.4468715552579132
128.17881887893657
429.43813020709155
936.2983896066493
61.49641275975548
314.38481212077994
572.3228025597384
729.9748093467905
756.4590389869551
133.6482086918248
412.9842790622903
912.5888835254498
972.2486506468503
537.2637238955901
509.9583554122612
317.7577058765114
958.592475260028
182.73277795561583
656.5852229707284
567.9674806352679
707.0026506702128
806.9609436782289
593.1099005263518
642.3527399222452
642.1444313551727
866.5072224237324
993.8264826961648
378.50895109760927
953.4827233036353
866.5391199143564
243.37387808264864
271.09964103760086
662.3166553793008
622.8722445940957
412.17735801281805
181.02041816984672
557.8751414960517
149.13856986184172
121.05744377809235
440.12393286736204
582.5783898295097
981.8804684624951
230.62776716411338
794.2552591455532
273.16171814477144
414.13890958776534
977.7966449621811
439.6836061729256
46.018977949103814
137.2677571089287
534.3022715556293
138.79597812539
290.3271697290862
71.10633015314905
253.91524150624244
382.51279052117746
883.652144031447
551.0049091461148
430.3064680285478
599.7307584752376
581.8212794571157
849.9073878737465
434.4063322783087
698.2839472796892
597.9376949039145
467.86286945768916
444.1493793661128
209.5068268064182
189.61067161156063
983.9487883320564
479.90265871718964
403.630133034981
58.48583433903143
820.4971222030701
473.272577473479
472.83512437733475
858.0593060596319
346.46970352020224
683.4394085402421
632.7974707676799
383.2157479953382
262.9074518168385
199.5639877365575
251.72380660366656
317.76857401226323
767.133272190334
190.05718022642603
747.3798999848029
57.02061277911796
