155.56144568616537
894.7791799360702
98.79442314798936
472.352291351667
693.1641992849857
507.24562500577144
466.7740599893534
591.4416826581893
443.2461886438527
160.03470796312868
666.4548683909409
776.4751559368607
822.7388257290812
5.903322427515345
729.1679556604122
435.79289010427937
497.77975193950886
892.5433383118404
2.2620157977458755
341.9283419234362
366.18296643008995
97.67508247933698
148.80714400936813
439.7457478148075
105.8565350947086
862.6293862920286
764.118029349328
234.91842923463847
989.4176182014995
815.1273257924777
214.61156673074223
118.37887604074027
262.5206937732508
962.958784773691
288.2053032869639
470.63393040604905
453.3665736262261
276.83022043089034
159.6529386822344
945.922380428001
488.7411620064021
22.63448162306936
518.6408797692105
986.5184638963333
482.6008379672141
341.72932900570675
130.1160938225653
566.7259481451783
925.099602654197
767.428478759266
804.3671637524776
378.7647963415234
141.75725890037927
281.3321807388953
322.0848833775503
450.2907926786619
40.5768235150602
278.18026711152663
403.61072667466556
642.270744175541
595.4628094579131
162.5595667052062
361.74382151720795
785.0615383474707
736.7609563926744
443.75622349627076
115.84367158546493
784.0318062029728
955.0443121087304
867.2459519164987
609.506259085992
928.4512874254557
594.5764732994525
972.7442447500252
985.8502881945028
338.97929515146365
614.8293756878019
253.92649406117874
271.26095269161544
326.60487770692424
88.9084852048021
880.2631497858675
114.78701937668923
884.4287364737628
669.0269370632597
580.3435378727895
113.08357748387753
523.758121635088
932.5216047826694
882.6445087783767
335.04069566757613
350.74515727614664
702.6614931000826
85.96814080985659
525.1860567671367
505.77442107740023
883.8991396301981
58.341185537213235
217.49319946905499
19.900792931962673
686.2215737430887
4.3870415289603
532.0908374665402
426.0247565669273
444.38144207235683
205.11067221320178
432.97005080411276
388.7334530111195
882.2968669530602
556.181641215918
657.1514878025574
708.4334601459169
45.77080027923497
653.7804668858183
557.0058694930331
703.8423918237174
71.41701900106668
267.85510701947413
597.4529313597286
870.6387614438586
537.7383279446176
467.04008556994035
427.3646095149316
799.6412095677239
838.0853043535869
807.4794817067185
105.81441076348386
291.97742572254737
339.1939373525996
965.0867318753111
30.305167585990777
74.12240500667333
645.7498436632765
914.2664825767071
629.7262162264991
708.6411928449655
295.9717242929698
837.188032743053
896.5784793406903
903.7686435515002
123.96165166094842
679.5431856936575
317.834097918986
94.27520097342313
674.1110021428256
834.0049251371876
289.58322345836507
737.6718614885574
667.2788959465358
627.3980888425975
795.6484247642683
533.9275847138604
880.2586421433822
907.6670314506745
566.3021896116929
362.4215694082591
7.812964604186456
839.103706042438
432.3287641240695
992.256942403969
796.8975286981814
246.06945674932024
903.9142303652876
299.1816753508246
67.49035420081495
50.33586785187105
697.3950252747296
956.2740147544002
715.2037338055516
809.0495859995318
95.68563269507958
647.2970918657458
170.23237025128168
469.4806222361314
642.4693897844377
737.0672811418879
479.961724511491
215.1674408529285
710.320761123279
210.76207414269422
212.60854913338923
608.5817829137645
812.9039034035033
