   54098.040269263525     
  -64399.256189792934     
   466.49007712407598     
   1345.5923037811626     
   156.56328942775392     
   226.64610125339848     
   439.30144684887023     
   297.58651118539871     
   152.92449277551606     
   262.46100941912937     
   403.42600131833467     
   1344.8502740397214     
   1202.4720100294026     
   98.045042839082285     
   606.47328390902533     
   399.27445660484301     
   911.86636834197725     
   370.59585027513180     
   217.20906982625257     
  -7601710.9911547387     
  -1716426.7086562067     
  -47800.298717944963     
  -154977.28397148490     
  -134206.68161973686     
  -137604.69470309097     
  -1625992.5903478442     
  -1083537.7670770891     
  -18408.576977751094     
  -155656.08923976266     
  -141809.65347484240     
  0.58706550100985133     
   113.41211110121441     
   210.81414382272453     
   535.07791504912950     
   256.85853588496036     
   204.56204010394015     
   314.68867014886399     
   83.988428845559795     
   92.412468249605453     
   119.82609686250441     
  -1588258.7979608334     
  -62942268.713583834     
  -6524585820.8125525     
  -5617.3924073986254     
  -3774.1664000114770     
  -639.81694001770779     
  0.33835069968825815     
   16.947976989659416     
  -2225300082.4364901     
  -3532404.5109216147     
  -283.21218112012252     
  -72590306.616309524     
  -932.64788648499700     
  0.71637323606996817     
  0.82460088752817517     
  -2726761.3550774730     
  -71.197003176842472     
  -65.153988026611998     
  -553.57630618732503     
  -604.00464372578006     
   274.74872040274090     
   176.65436907771434     
  -72.579264718151919     
  -2550609.1076930957     
   1104.2018049540447     
  -332.06521298298497     
  -566.76764912263980     
  -955.07757801412220     
   2135481.4135020613     
  -153.08290687234953     
   297.21635294062037     
  -14144.650071031167     
  -906.28609090806344     
   255.38284003318580     
  -40.677700142196514     
   507.17983828688511     
  -151.71050431830199     
   22.766657985617215     
  -10.582524164981129     
   160.30041635137314     
  -103.11744087171397     
   424.49620880631215     
  -25.622621928052759     
   1342.5612263828993     
  -398.26504454167690     
  -5.5527098480152386     
   53.418485175597020     
  -157291.32257722248     
  -67.443807469538427     
   435.82216995686053     
   145.11553416162525     
   178.36005698654165     
   263.02007887608244     
  -141.95239513721464     
  -25.229073259347576     
   766.30716728899074     
  -226.44705439215215     
  -27.684645718600958     
   328.03562971377204     
  -98.315927594043572     
  -53.986997436413645     
  -6.8112219880459186     
  -246.96277798854840     
  -682.20045057596451     
   156.91941066854150     
  -1170.8467196011907     
  -480900.24932852894     
  -398.03164861020002     
  -470428.58199404110     
  -181.15430557072207     
  -249.84763142386910     
  -560.19840289991487     
  -505.07431457465282     
   250.16985701935960     
  -37.342045210345361     
  -475044.59308825538     
  -1360783.5703850291     
  -1817399.5231331126     
   139.94935019266046     
  -267.96082609053803     
  -119.74342998002095     
  -137.31115826542342     
  -5.8273296614624996     
  -208.23452793857476     
   316.48983341769411     
   281.97770872802960     
  -157.80587144788763     
  -388.19951321572569     
   1466.4915264470471     
   221.21442596537435     
  -298.53890862055437     
  -46.618491599209804     
   227.38628853202550     
  -90324.161147669234     
  -123607.31354756035     
  -685819584544.18921     
  -103512731943.02542     
   6512074144.1985092     
   737636948432.71472     
   30537.451883411730     
  -3272.6604594030082     
   3533166.9067553976     
   72589367.850463048     
   879472.53764041991     
   1.6905748221281045     
   2.1045169741766805     
  0.72917958809466810     
   1.8628395412332170     
   1.6839927089185669     
   1.5828457072077962     
   2.0073949243024738     
   1.3454966019325214     
   2.2199733267415440     
   2.2881258668336755     
   1.4302415941911284     
  0.91344475100170119     
   1.7044949895217553E-002
   2224927495.5669003     
   97226.433397410510     
   2274018.3031009412     
   2703020.0476533645     
   46883.336491688024     
   2020768.6484947205     
   386236.41258387890     
   12685.411350807231     
   112258.56616838476     
   133701.93300692088     
   31721.396094995023     
   137446.30193129936     
   155619.43789284964     
   17977.030124593744     
   124485.95410958432     
   32318.839068060730     
   90164.403572710886     
   123440.15229500235     
   141467.86763026155     
   1535836.3901895829     
   481020.45330834494     
   1588065.9161366730     
   471247.33972068795     
   475307.91520077811     
   1360444.0316136191     
   1817649.9992731696     
