   0.0000000000000000     
   44546.179813150891     
  -38098.047230366930     
   781.10482346001413     
   2275.1310745656638     
   262.34903474541903     
   382.37882550964451     
   742.32926509584627     
   502.42478573365617     
   257.93792328130354     
   444.72570433886636     
   680.10522225597333     
   2272.9656775064118     
   2032.4882902407423     
   166.15130888586316     
   1024.7530994307233     
   675.26687689579580     
   1540.5745037572692     
   623.04481191167406     
   369.76793924050838     
  -5190869.7123408020     
  -1637640.6309154863     
  -50473.799770086880     
  -169057.78058063719     
  -47839.973893122733     
  -40209.209891353305     
  -373802.62807289953     
  -320726.82214156422     
  -157495.12171583495     
  -115031.50098381769     
  -103027.91051885083     
   1.2331945121583454     
   191.35917093703176     
   355.90954376984388     
   903.27716229274586     
   435.52513905345108     
   345.29098607179600     
   531.68705577928824     
   142.52706864429982     
   156.60894616254163     
   199.80832299016143     
  -443941.35145818209     
  -65097751.568627462     
  -6394657957.9343395     
  -9504.1465807969835     
  -6385.3485337065204     
  -378.81721071004523     
  0.42123097951451066     
   27.153334256081802     
  -1816560656.1874006     
  -2230082.0437075808     
  -718.21819795564465     
  -139607380.78109396     
  -46.122265069264969     
  0.81064003067365886     
  0.98695540528258241     
  -578496.39224657556     
   5152.6642525149855     
  -1599.3414036000800     
  0.15376169852004296     
   27.363178236734157     
   304.01648652672986     
   861.94119669943689     
  -290.01362994519405     
  -2784016.2837678348     
   618.04663826230581     
  -189.99072783106857     
  -703.38653897239465     
  -1981.6370738021246     
   1143226.9204723921     
  -1215.0324879132468     
   45.935098817797254     
  -84242.079567777997     
  -1792.2489877058015     
  -202.73030967582307     
  -18.222244705346132     
   1193.3757117400328     
  -358.25259430812253     
  -39.008508287331210     
  -12.057483048746960     
   234.16612099327767     
   188.71456837171041     
   256.88637861216847     
  -36.314619470884367     
   92.943707515053248     
  -25.689311480264116     
  -60.312438982505775     
   362.22826044341235     
  -282205.92007817631     
  -54.106672277516623     
   487.04872155218260     
  -2.7527627877019683     
   327.35636964556534     
   299.32097997619042     
  -291.33078430393044     
  -9.2244186715002350     
 -0.15509994693503826     
   1.3107040325969925     
  -48.056871610279458     
   523.18685625477087     
  -155.73122663580642     
  -74.119594939027664     
  -4.2124353384632105     
  -415.38687599492482     
  -757.82256867805143     
   325.84029242448946     
  -1515.0771128777653     
  -1818511.4170471439     
  -80.518108705059390     
  -1755233.2919072197     
   16.862213254576375     
  -103.87261026333618     
  -1359.7260793318915     
  -449.93545081932609     
   93.319434966867860     
  -158.41361810266034     
  -1935949.2348590889     
  -1916648.2512967717     
   677.23424853569986     
   38.694278727301707     
  -386.56382870187838     
  -322.51535665931027     
  -224.52741309721688     
  -315.38505488070211     
  -51.101103797225612     
   276.79130463104127     
   25.579877489916527     
   75.530487385985339     
  -594.30031749133968     
   1371.0755441927327     
  -378.20407628490125     
  -323.37564284057339     
  -27.850558881303940     
  -22.675553009711791     
  -119025.86502988976     
  -12274.704140566057     
  -259893818531.41730     
  -39232723921.419609     
   6386558515.0431414     
   279574561247.80566     
   17507.129527221052     
  -1863.9827857356904     
   2230071.7368021780     
   139607331.98641935     
   581796.76183221559     
  0.32302406142697493     
  0.92939920997100711     
   1.0830562452155927     
  0.47160167786071511     
   1.8186265125729881     
   1.8561531464481469     
  0.55460826649991135     
  0.92882173979470439     
   2.4673662601695234     
  0.74108948629106008     
  0.79340102418393432     
   2.0124258042966581     
  0.57182366404735974     
   1815818121.5188122     
   133336.95690742499     
   672387.47073324851     
   2950907.5451314459     
   49613.012734683834     
   662806.41164208821     
   814076.86707028968     
   82953.900340834982     
   477899.68430620473     
   47533.131084127082     
   26873.065737855279     
   39971.746527361611     
   114654.37294321290     
   157163.66372747489     
   158424.58086880925     
   122936.78424538409     
   118964.39802601226     
   11966.471340203921     
   102570.39122264092     
   225224.31936720241     
   1818806.0161837407     
   443523.14325648791     
   1755377.4291367191     
   1935901.8492604555     
   1916566.9769261044     
