   0.0000000000000000     
   2.2909006310878044     
  0.25311875301894199     
   7.2700782109945936E-008
   1.2185351170586389     
   1.7652169090783438     
   1.2986684048662633     
   1.1950516429092533     
   1.5142302311145399     
   1.1348163027419353     
   9.1895929426540438E-007
  0.40972686325013047     
   1.7062840684429177     
   1.9879619972904214     
  -2.2478380905750420E-006
   2.1064159669873663     
  -1.7561549687777956E-016
  -7.8818908846353377E-006
   1.5121964805101445E-002
  -7.5642324270971413E-013
   6.5421408610554153     
   2.0688230923854798     
  0.38098470241167182     
   0.0000000000000000     
   1.1258601750868684     
   0.0000000000000000     
  0.27101946460664500     
   2.2085360366068039     
   0.0000000000000000     
   1.9563226844619623     
   0.0000000000000000     
  0.60144744604740374     
  -8.8932417155409445E-007
   2.5331495093438683     
   0.0000000000000000     
   0.0000000000000000     
   2.0869232793983326     
   0.0000000000000000     
   0.0000000000000000     
  0.54945621468670425     
   0.0000000000000000     
  -1.4498766575993192E-007
   3.4406374586314543     
   1249.1894768849595     
  -1.2923481591425163     
   1.7840803012505642     
   2.3684731184369432     
   5.7383131580428994     
  -8.4849316633052114E-007
  -3.7735948865974933     
  -3.7703830972678349E-007
  -4.0323109171307440E-007
  -2.6619929276514256E-007
   442.27969068980241     
  -438.88763591256259     
   2.6977405700908341     
   1600.4588187698912     
  -1145.3372175085742     
   351.22625432718354     
  -429.27187140089291     
   164.53563688723415     
   1.9769303901501782     
   202.58831231618998     
   1.1361171570984538     
   2.2990220498462008     
  -1939157.3860543102     
   301.46381080518711     
   159.31174068731912     
  -455.31577338248280     
   481.12251957069213     
   52.786505593390245     
  -206.13792249014216     
   1.5527479510952944     
   12.716329923034456     
   52.333423243111483     
   7.2835604681589459     
   454.43756824736442     
  -367.53752739676872     
  0.29387838791111115     
  -54.215812218262130     
   304.30035459698581     
   1.4580200797661103     
   259.34541175562617     
  -257.71155836061763     
   4.6472532505529500     
   165.71223574017529     
  -137.01868938064456     
  0.89797977112363014     
   55.764478462570025     
   347.53868169545569     
  -289.57442753376074     
  -7.4429051717274319     
   1.3445843663482719     
   401.06479149987803     
   2.2605299883634364     
  0.14936719702953197     
   18.609244508614736     
  -9.0295857348660196     
   1.7568891010248653     
  -208.24902263637995     
  -208.53181194521662     
   1.1377312063360825     
  -100.92328647529726     
  -100.39815636676735     
   2.0666506635308401     
   275.92421474445842     
   276.52488047581653     
   1.6612047079122412     
   1.8350097021523872     
  -43.251380444335638     
   0.0000000000000000     
  -822.21264737753404     
  -70.823832318279415     
  -344.51877978550573     
  0.86862804360388735     
   835.93416132139589     
  -170.41610429621755     
   2.2129016807158983     
   2.5689377738939640     
  -420.56359574158614     
   394.55207289415847     
  -1180.3737660237985     
   2.0472639021376722     
  -395.16899356337836     
   54.132580029872990     
  -208.26099345230475     
  -91.329313851298707     
   23.980086524943601     
  -499.82567301355698     
  -14245.927035952893     
   4736.2016532743992     
   21.637556509463067     
  -145.88566521688799     
  -281.07555408998564     
  -316.08347375767767     
  -449.85849414964008     
  -447.51776340150172     
   60980.928509987811     
   2338.5383609533965     
  -1448.9137558534362     
  -29122.361278920351     
  -4451.7338215452919     
  -4034.0246013442202     
  -450.46211485239184     
  -13575.732190011991     
  -255.81017202281362     
   6.1687540338112949     
   56197.566860089937     
  -1300.0705558423292     
  -705.05422144657928     
  -289.91065455675340     
  -6974045130.0892954     
  -684408967201.27209     
   639209598118.38416     
  -3290.1210957654862     
   1.4685363633535434E-002
  -1.1672896908517534E-002
  -1.7622109120849185E-002
  -6305946.2029368924     
   6.3864720672456974     
   7.1661573417092495     
   4.6580085202581287     
  -32742.359728155210     
  -190907.71631613077     
  -3652978.2715524640     
   944381.29577565333     
  -300481.78453104390     
  -1164024.3397619780     
  -174449.06671440962     
   77540.207019434019     
  -3118748.8504040176     
  -207800.97618932376     
  -311320.46469137451     
   137253.51191894923     
  -157291.02394452784     
  -180655.70651388710     
  -33280.221296681353     
  -184687.39877192213     
  -1284725.7728688233     
   688538.07022205181     
  -471263.48322721920     
  -1360788.3475313368     
  -456860.79099101666     
