   0.0000000000000000     
   997.96868807372300     
   507.34688844939382     
   731.26949997565316     
  -3677.6712874543600     
  -4304.8901989345950     
  -4267.8897399347361     
  -5716.4210963514397     
  -42028.302286440448     
  -53208.944708512703     
  -37503.349974079938     
  -61065.501301189339     
  -36770.766993300975     
  -22729.602802519177     
  -4404.2507752759102     
   436.77311668710229     
  -2995505.2629349208     
   538.58184340130049     
   446.43098074632854     
   246.45120421779504     
   523.20113482747888     
   165.74615386844795     
   625.29992459544792     
   466.10870495693314     
   686.91415132487646     
  -621.53014792551357     
   192.69669678173608     
  -182.90345206320927     
  -798.46284878420101     
  -1023.2664907796475     
  -938.54485409592110     
  -331.80944442735711     
  -683.40216880390653     
  -845.92717783906289     
  -447.73501891624312     
  -580.22431488791949     
   130.20789420554453     
  -5064.1088019068111     
   395.37866704366843     
   580.14712367943980     
  -1331.9550334878390     
   562.97057504337340     
  -4534.8480628248190     
  -2199.8044364943421     
  -435.48483888701037     
   282.12881234860515     
   556.14060017835232     
  -13.582361336622085     
   104.86912792395852     
   925.87903865658211     
   491.94228174969629     
   791.99296344591392     
   456.13490613492644     
   471.53460552884462     
   26.494589527971911     
   421.85975198690704     
  -28.779549623101161     
   808.91991976170630     
   442.68145533301055     
  -157.13317033151623     
  -269.59493004761936     
  -52.769111486902069     
   741.68779875533176     
   680.53614983017451     
   222.12524491481690     
  -441.02429555702514     
  -493.04598841888327     
   172.90335221371060     
  -422.11407321792080     
  -901.23684007137706     
   558.64457882403622     
   53.002378238188840     
   23.418569325895760     
  -145.11049189382419     
  -712.43537855054205     
  -63.330008036091783     
  -172.53095718267889     
   459.96439466434134     
   370.84737703946348     
   415.11740025209866     
  -459.28850444226839     
  -176.42707770522961     
   315.89694144476186     
  -443.27663555829963     
  -45.934789292480232     
   135.96114129871046     
   722.63837669569921     
  -50.043845062575500     
   387.91564819613802     
  -115.93283277850665     
   682.56437803345193     
  -24.351939321157538     
  -692.43552072548653     
   31.430890033450126     
   104.95071955369258     
  -3340.8744267897182     
  -5354.5140071527430     
  -19256.874065888405     
   284.37423306080791     
  -4622.5694971063886     
   20.904641225117757     
  -288.98307598018891     
  -168.54426300469720     
  -82.247503081429272     
   340.60101499346592     
   849.72323047070097     
  -7.3986235634257653     
   524.85049846158290     
   817.41001739478850     
   1322.9333134910564     
   1056.0523228110292     
   1320.1099663440018     
   899.26816848680903     
   8.5550432216844570     
   817.08963285454945     
  -350.34965227801518     
   646.75441460255149     
   155.31216645090026     
  -141.21073489637729     
   750.21599818492427     
   70.015561525050174     
  -101.74781283871539     
   112.43924270420425     
  -307.87423888093326     
  -5347.8938670465795     
  -4409.4845167984358     
   199.12314792625148     
   132.49796801447880     
  -1816.2123210890882     
  -449.98793659275134     
   51.704696801693103     
  -267.26349904271683     
   520.43379780958162     
   122.80237967184951     
   235.68585704437567     
   400.68157477455480     
   968.97565329398356     
   316.37886113773743     
   834.33512451467448     
   302.11364935997562     
   434.89603085141289     
  -337.85672371747762     
  -111.17161296448180     
   130.16325138671488     
   322.65314450160986     
   131.87117694842766     
   437.55619580072687     
  -91.681682293994498     
  -29.713856264566672     
  -211.61164379452418     
   312.29835633751725     
  -179.59543314880528     
   307.41809402296940     
   504.84327998563589     
  -646.29768862076446     
  -508.53422162159649     
  -321.84973545039452     
   150.55551832622041     
   170.94965482377529     
   358.59591866250076     
  -17472.181374867327     
  -4271.8958708153204     
  -12757.450517524541     
  -20815.246619558031     
  -45669.078062810018     
  -12810.055937937912     
  -16218.318212645358     
  -43520.563922646179     
  -100270.64112294075     
  -3866.6247329350881     
   2761062.1494179145     
   170060.74645982395     
   4998806.6289405823     
   2761494.2633069702     
   2045607.2340801628     
   1823433.6674245554     
   3407934.7528037289     
   1987208.0652795206     
   198307.95119117631     
   330.25465695143163     
  -852.59582919848253     
  -1306.1955264931403     
  -379.93472421980749     
  -71.582929800728493     
  -584.24939440993558     
  -659.28256687438704     
  -748.38095772357985     
  -315.59801931462005     
  -1425.1274439931785     
   815.76429353531921     
   787.42645588686128     
   602.55772429503691     
   772.73307950416233     
   327.12203258995390     
   699.87384921749754     
   671.95972553331103     
   442.23779268740907     
   839.51106239732326     
   585.49491399390558     
  -515.71544438534659     
   215.79704032246832     
  -3205.6131388510476     
  -6357.8301785981557     
   24406.410327283695     
   13204.866578115874     
   35421.985009954034     
   49393.973398782400     
   41751.003856888106     
   4692.0018240019581     
   11911.091032344530     
   11360.415036007425     
   20914.143122916314     
   48486.724911555284     
   24355.841957354231     
   22683.171460029393     
   33137.873013278637     
   840.30581681144633     
   36267.374436873259     
   36969.675559103256     
   24133.831440684899     
   49197.726910519748     
   858.50013899366832     
  -565.97925079514562     
   344.83782587344638     
   374.45257750565258     
