301.6810525737239
698.3492558719644
722.3923074779592
286.7421065938996
327.7148959817612
56.270536178621214
262.29747558263006
565.7818402204864
369.84438314132893
993.1872880589746
289.0968826982673
226.79419244222998
515.2349168995629
531.2878787737252
680.8630944748049
289.1586019217256
851.2932681371201
453.86050605901386
904.5082652311102
269.02716077690945
78.33041800149354
965.1859540206635
506.574538449153
824.7130162395157
224.53661456037466
992.4613545896896
30.648027064591687
437.84659928535484
583.7458875118762
892.1804610166552
752.2230103383888
877.4736000560935
150.76057422271649
240.49182353981269
700.2567705533986
757.5985772040515
589.7470137443142
272.59675163190866
266.0924548876169
238.80053173161363
98.56837272975172
704.847566988726
542.5541312437771
987.4886640530319
85.32492744706232
937.2389543940872
551.5440138818306
180.91771669428337
194.41048618841384
76.38228535083324
882.9520275947204
979.65604016152
169.00934683248735
256.7349867699952
321.7178840910624
557.9729982716914
145.86467015776816
368.1666240366339
809.9524567153792
803.3548227930077
709.2918528467944
146.19417147761914
405.09175281603984
124.265672972242
532.7011333594933
963.2285868156755
729.948272095875
400.23494049362006
657.6123305946737
418.0518209691154
434.94100281898096
772.4529030335269
906.7632170391348
155.4153651021094
455.92954638233317
387.5106715269371
585.1741644081984
560.2061265884045
202.50480711735463
121.41752477699374
902.286526470296
758.6544026563014
387.52842517758546
241.97917862324238
300.9217944579067
344.64822786177774
844.8567187877454
476.35087329516415
477.6702882369247
786.8602749441459
302.3794205156849
288.7470462931378
378.556557605201
894.436988479667
346.58736896355913
158.75942535782406
89.42693665092294
751.5332558155794
11.621312653737226
937.6130893100457
118.886910819055
296.70945691251205
600.1057902576235
375.29518027259445
527.50109415564
280.3850113495282
816.7300649527107
500.6457480452101
191.14925095062506
618.157381553768
302.4534715094094
77.37695590027649
834.8438882437275
164.0886825685075
19.465030434116514
640.1643896976376
552.5619497156039
488.9070680645845
164.7967830316932
985.9033629615284
182.19470022498052
429.1742793542739
536.2321325473315
736.9564728909868
656.2638149029464
641.2921373940618
447.0279987594112
262.36117973287554
833.0532270489689
931.3494516309166
284.9686503603012
111.03992904809645
576.2681289837574
45.67648958667914
900.7837693503913
728.8799465897565
718.6229367842451
768.2329732514713
551.4340924966914
291.5315436919825
613.9355794691252
861.4074843508082
735.2469848821493
659.2744807095803
580.0263606083173
185.76601067117127
99.19017685390952
865.8577471440697
186.0197528145172
325.2109083542472
22.761381497342747
291.82708768820186
419.12321337989613
563.4186822913531
48.14746902182365
741.8784008488417
680.7189624918153
903.6375558382682
52.38607628865388
907.6129463756439
727.9045511260878
295.71700341962327
464.4871280407903
274.6679193971688
970.2533160278161
660.8286331270397
500.58971564637443
661.5732795647341
404.1704304075786
523.872212629658
155.21418109467245
766.6785695336315
445.51271025966156
629.7195150037478
20.714801726782305
85.69863713894487
168.80063544842628
514.3688989097868
706.3765022735208
971.6301935406736
242.42652388041097
589.4203621028533
379.2686229475989
123.19409666312741
271.15646321977783
41.83167309801827
183.90478875060467
398.81376067920905
8.238720289145629
899.3527487708905
936.4280700231154
707.3639251647597
58.35470964477019
894.3461969929323
465.63446397135635
705.265154015544
860.8608882792508
270.30348384584266
421.0602918465055
419.9995186840146
956.2826579511493
801.6424317807168
805.2543541226668
796.7349261792879
926.3976424985076
809.9502387126913
195.88037733044538
244.05619702392923
652.4453527349234
520.3660668056483
309.8211209299154
434.7678093220903
842.9093750279197
857.0581234840723
541.0853787523857
998.6548500668437
995.8227375630386
753.1135359773311
625.5064809037468
283.6526567290767
912.0377676568872
327.8191985567642
568.5208608635697
234.5248615812222
198.73710950233757
