   763.21035428978132     
   289.09688269826728     
   226.79419244222998     
   680.86309447480494     
  -3601.7169946328204     
  -18702.485896277882     
  -11104.416413588333     
  -7697.7549325858781     
  -14150.428262420581     
  -3185.3606803585371     
  -17920.232287928698     
  -48150.663720512675     
  -36159.725297893376     
  -112998.81422416272     
  -4788.8711395536284     
   825.26899293005306     
  -2656130.1126635280     
   872.12250081623552     
   251.09932775076078     
   62.715853092693258     
   956.51119615690766     
   483.15269162455246     
   786.25492180475192     
   218.46428400188560     
   413.54261066037327     
  -1418.2138588297453     
  -486.94787965493401     
  -485.78817414764080     
  -812.89241076388566     
  -243.60343020655034     
  -471.96635467724184     
  -455.76677622354805     
  -435.28002991698304     
  -296.44015720469997     
  -45.876475747946614     
  -397.20671606198226     
   16.139194735446615     
  -1072.2846760637731     
   434.94100281898096     
   322.65757438507052     
  -1710.1180398321426     
   700.25677055339861     
  -4221.9133164922441     
  -1957.3620728288954     
  -743.36290685512108     
  -525.41537793730595     
  -259.09857688303316     
   297.35019322798166     
   864.92346850733418     
   688.50490247140749     
   386.70347212366221     
   651.49619252405535     
   415.31027190443206     
   998.90279849364561     
  -18.512464141151440     
   652.24232931143706     
   562.42136981831777     
   668.80619927745965     
   235.71437972311475     
   745.14834207634340     
  -211.28586547240275     
  -566.71719085261714     
   724.03120321485972     
   529.49243684048440     
   495.44135606778337     
   394.48187575332156     
  -391.19677975591708     
   54.230179652640572     
   200.30035931406866     
  -344.31352819860467     
  -612.78973249853323     
  -19.361801140951570     
   567.97327809213675     
   461.26221601488152     
  -358.78337741786970     
  -490.15081803163383     
   297.72636974193864     
   86.548133979456622     
   148.94453655043895     
  -614.05197713013877     
   470.14269598915155     
   341.88632268738604     
   68.836810717609382     
   1221.9811168215022     
   409.04955856048059     
   224.82201294431900     
   155.26729291472117     
   64.368880019336856     
  -118.56092851969690     
   567.77401897416314     
   199.75579108831946     
   163.73051116749437     
  -289.18283414895501     
   296.64390953228406     
   355.34202044503968     
  -3202.1629034766593     
  -3862.2931769850125     
  -5732.7025278599795     
   719.41397013185349     
  -12831.204762673686     
  -776.76463707376752     
  -1876.6013047399902     
  -1620.2541732147401     
  -1216.1924485743684     
  -553.77479355274602     
   607.79395119675962     
   630.54132355339516     
   329.99601752610812     
   216.17043819231017     
   1532.3820182293844     
   2748.2441597061143     
   2430.2614436196095     
   1484.7786254668708     
   956.20050282115028     
  -65.884823215400388     
  -430.20863428880637     
   508.43364730722635     
  -174.47246723492748     
   726.90718262383962     
   314.27425380693285     
  -75.778634392999578     
  -76.237454294629060     
  -16.286270933430160     
   771.98054769988528     
  -4617.7009616347104     
  -3244.4904965472388     
   820.07156095019377     
   57.396262544836844     
  -1448.3886850609852     
   144.99195772486576     
   278.25672982642720     
   634.13434804701217     
   206.33027854626118     
   210.16150132201531     
   351.86380474729862     
   881.03973144989925     
   339.93622279352297     
   155.61442118415081     
   267.60005740513395     
  -307.43446724809542     
   564.52441483878920     
   660.07586725636349     
  -188.71355952373005     
   612.72017415142579     
   135.65250650355534     
  -238.05421272014797     
  -119.87356300745209     
  -90.635163976841284     
   507.02153372894713     
  -251.05722062951020     
  -22.915108089336393     
  -608.95668166218934     
  -309.75673320986039     
  -155.20425449289201     
  -720.08550422964765     
   190.44430835215030     
   389.18741879983281     
   289.70197636914304     
  -809.02140806215436     
   172.36596149349464     
  -8950.6912528242483     
   402.49646557614756     
  -8309.2999203863947     
  -17811.701873711681     
  -32657.568771171696     
  -3380.9191324323583     
  -63632.741837551963     
  -67557.527350271746     
  -102308.30486328906     
  -2521.4542578485007     
   1478915.6180137920     
   2322154.7767311879     
   1373379.8993723548     
   4851122.6757208472     
   3304608.2659302419     
   2503348.6946915034     
   3308183.4122849922     
   2020823.5982357536     
   2619140.5017427867     
   631.36039375537655     
   636.83185578486450     
  -1364.8796482767307     
  -548.19363000644319     
  -228.35346042104788     
  -756.72217122643428     
   215.36593721177906     
  -324.58006924758195     
  -2.0832144105129942     
  -463.87563019508485     
   58.354709644770189     
   894.34619699293228     
   465.63446397135635     
   705.26515401554400     
   804.56660900142811     
   43.478009585935638     
   362.17944130145196     
   370.99571588217236     
   956.28265795114930     
   318.27068846934742     
  -131.17371590044866     
   610.49318083009177     
  -2003.7301500495234     
  -4853.3702557290289     
   46194.718031835582     
   40025.354004322326     
   9532.0126743652818     
   12196.878185323945     
   32468.373604317007     
   26093.734097975008     
   15424.413688535778     
   21456.839136215916     
   42254.492461897447     
   42893.920019310011     
   26259.291295377523     
   49566.476594121996     
   49185.240278887555     
   36894.184465338476     
   31104.389116092669     
   13860.941099358499     
   45281.257418911518     
   15534.045824638231     
   234.52486158122221     
  -340.63827676925382     
   600.52557787604337     
   592.08170861150552     
