   993.18728805897456     
   289.09688269826728     
   531.28787877372520     
  -3059.7859748486489     
  -8157.9108701425439     
  -10322.294825814310     
  -21217.908718279763     
  -11712.144424900473     
  -18738.436806165239     
  -3973.1481868592341     
  -21592.396946085522     
  -56071.609483599488     
  -41337.546661871980     
  -4461.7886343619002     
   227.88092098403700     
  -2575663.7227769149     
   377.60383712404473     
   862.29475406357653     
   232.26055272157882     
   57.904525623803679     
   910.03604320587397     
   416.01974599118671     
   810.41489144831212     
   151.49843040362384     
   63.529346610215725     
  -1418.2138588297453     
  -486.94787965493401     
  -485.78817414764080     
  -812.89241076388566     
  -243.60343020655034     
  -471.96635467724184     
  -455.76677622354805     
  -435.28002991698304     
   262.44713118356327     
  -240.28696193636046     
   127.72686982201856     
  -804.44890035547360     
   418.05182096911540     
   282.20494958428321     
  -1582.4053597489060     
   240.49182353981269     
  -3761.8054964328981     
   186.56844242763793     
   579.41982981032265     
  -613.39018073278839     
  -127.43011837513825     
  -54.821187458589904     
   452.78567235761693     
   930.42507601907801     
   716.06349753139887     
   395.18704318248450     
   655.41315712001767     
   277.98098258424318     
   869.03134282087603     
  -416.44408959309931     
   447.94399403820648     
   406.94755380263507     
   603.27839091093983     
   208.14184930489657     
   736.65944312822432     
  -215.20561595369901     
   382.61087939305708     
   690.90606358434832     
  -379.54726103149994     
   495.44135606778337     
   394.48187575332156     
  -391.19677975591708     
   54.230179652640572     
   200.30035931406866     
  -344.31352819860467     
  -612.78973249853323     
  -19.361801140951570     
  -833.23540613400814     
   461.26221601488152     
  -358.78337741786970     
  -490.15081803163383     
   297.72636974193864     
   86.548133979456622     
   148.94453655043895     
  -614.05197713013877     
   470.14269598915155     
   428.43843388562510     
  -227.52329006201515     
   66.550055646423630     
   480.74388344637669     
   325.33072066941850     
   741.24640245780870     
   71.291506605066772     
   680.53818385155887     
   502.12969081396022     
  -250.62221942392387     
  -490.21095563467594     
   355.34202044503968     
   494.97729426774441     
  -2952.9671874088335     
  -3429.8627434734881     
  -13733.609679908626     
   157.49481856067229     
  -2920.6859133051566     
  -157.82482108866361     
  -222.52416233785937     
   64.744196474559203     
   219.37605283330777     
   47.761378503891933     
   45.730943394936560     
   870.60680347510379     
   743.17489596520022     
   381.44081445556151     
   43.587840977376061     
   977.62930890255132     
   806.82473745976836     
   590.89694019694207     
   220.95570637702343     
   356.73960947415867     
  -328.68187612777410     
  -542.84053912596994     
   456.99423634941189     
   221.00070667074820     
   517.83520038965503     
  -1432.6946253960932     
  -77.681992181406486     
   771.98054769988528     
   455.17615411130112     
  -3813.6336853605785     
  -4697.2553602673206     
   13.440585282851245     
   462.61222972772509     
  -8636.5059349905314     
   138.03082187230632     
  -1468.8837926043016     
  -1106.3896492669483     
  -219.98058283656542     
  -148.96819005875005     
   81.206127170349930     
   293.52883017862752     
   854.67420817212223     
   329.14115419673197     
   798.73968400014337     
   1881.3411132685769     
   1076.9810076413301     
   1418.6269585765731     
   1015.3969477035972     
  -59.747420234642874     
   671.06040479757394     
   162.01717444075871     
  -227.25396630063472     
   636.02440398767601     
   601.94625797913727     
   74.979823766420751     
  -251.05722062951020     
  -22.915108089336393     
  -608.95668166218934     
  -309.75673320986039     
  -155.20425449289201     
  -720.08550422964765     
   190.44430835215030     
   389.18741879983281     
   289.70197636914304     
  -809.02140806215436     
  -4684.6808661768237     
  -5048.1603525732826     
   83.837124613349147     
  -12394.879148021220     
  -23679.426861030228     
  -40545.430323250643     
  -4054.9836987378894     
  -74019.039449435746     
  -77087.592825157160     
  -2604.2036594717911     
   3639352.0716689457     
   1478782.9911681584     
   2322022.1498855543     
   1373247.2725267212     
   4850990.0488752136     
   3304475.6390846083     
   2503216.0678458698     
   3308050.7854393586     
   2020690.9713901200     
   777.10930506894738     
  -1667.3728060516960     
   636.83185578486450     
  -1364.8796482767307     
  -548.19363000644319     
  -228.35346042104788     
  -756.72217122643428     
   215.36593721177906     
  -324.58006924758195     
  -2.0832144105129942     
   707.36392516475973     
   58.354709644770189     
   894.34619699293228     
   465.63446397135635     
   615.24928189999127     
   699.48395807771499     
   159.52825753172496     
   404.23719154155941     
   419.99951868401462     
   708.20349782026540     
  -97.710316990173624     
   455.63690990593921     
  -2633.1256240187035     
  -4568.6637708637527     
   39149.376545855506     
   46361.716031476761     
   40192.352003963504     
   9699.0106740064548     
   12363.876184965118     
   32635.371603958181     
   26260.732097616183     
   15591.411688176951     
   21623.837135857091     
   41555.367257021833     
   42911.813895349449     
   26277.185171416964     
   49584.370470161433     
   49203.134154926993     
   36912.078341377914     
   31122.282992132110     
   13878.834975397942     
   45299.151294950956     
  -352.42686969665476     
  -1050.8008183243137     
  -296.20719541554888     
   865.10111116357564     
   660.11414829390367     
