847.373875791135
730.5264518810894
714.2961868286155
497.38359024481815
240.99410569466463
451.4132201164364
860.4022873940688
33.524163821031074
452.9896681500717
880.4345565461012
476.42786052080834
748.8885749380381
186.62679241413127
374.41486961792424
275.8827037125442
874.820389326447
313.9904116446537
743.1673610734447
341.7873824271468
846.7331410565786
438.1577632020982
529.0032365536861
412.31249695729076
568.6703548163975
718.9814403284932
116.41516699567266
629.9892854408735
375.62268787653784
441.4473839830571
398.6386436948921
293.04665838074897
955.2205560030793
484.95678030971436
219.88173123484944
922.1419531535793
72.96401412032239
357.2730354354867
562.7670593106467
106.11191360713067
62.74999042694607
492.0218135947666
396.224287687311
805.4617410322991
436.5008681891371
394.05438267333125
629.3947384237822
986.6658778898731
315.1140560949692
169.1141701804294
664.8069300651002
219.25394474065595
363.9460253483405
522.3554147714686
244.24076256466853
502.6255944727258
592.8768587458889
740.7342914084765
922.9883013816092
220.51998124140604
445.8738202871748
314.47864217792477
463.16039362357685
844.0184539321688
296.44314756879464
522.2770369578368
933.5742536350807
458.8395958350432
556.8347307050265
719.365635614211
799.5036295870402
383.3505089510996
450.326635733163
68.50506707008208
932.46052954743
483.6989444670806
223.94905925889697
655.277156105542
102.11723821698193
862.9155915903808
843.8621338285305
45.13426476360216
994.6589080430175
729.0961999813941
748.4841453698875
740.0076859636624
81.53637527256552
320.7926659450343
952.4835387476377
154.24367748684574
27.341836346186142
460.8080739115659
872.9456990523857
372.7335205400014
453.1028164220806
898.3035214655192
617.8959165581662
169.17966322954524
391.8655349839071
465.31734852150674
425.7833872209956
595.172528472312
195.57616636446608
559.9821128796385
303.24021554750425
74.03918375377138
55.3300353733821
121.06144379777173
812.4973561890263
304.24738906440086
697.2616804069908
646.4925968567911
316.3507227406207
318.1376853713661
600.1369927493937
242.59268714461268
970.8298610864772
369.78394327691245
643.0729773947407
951.6900779373541
950.7403847333914
117.72394968013455
980.2644010841127
721.3978309124348
682.322522364224
618.4865242230072
544.9959249877385
689.8970016755264
998.3267121388534
603.6700451808288
289.24796888435856
848.7683984455882
94.35606074817981
280.3893142507395
987.0506557654581
132.2597270585436
782.6297535997489
831.4591615377605
343.59606169690227
789.2496528249649
296.9697723707627
880.0351374790938
439.21770784907443
450.8871401985061
264.11388026663354
595.05657461526
235.62663415625974
643.9933280338249
822.1524406933016
189.25437284749557
316.6298563695776
651.1540149771164
154.0388920155219
740.1366379620301
17.4443582096403
267.2113881156978
15.379293871817579
83.88037569122397
767.1981653887505
27.52862924716315
402.5347482148498
139.28940679806533
764.8139585060642
608.8973685101843
471.04976963028975
608.2691771046176
640.3450700126357
53.73723534194941
749.8998176200013
843.6007204079829
247.56243784720942
808.6507947631669
53.71219324412691
533.7062083362742
958.6269678905943
886.062830500238
904.8432274302613
456.1658937616324
483.6042826810133
345.9716440216484
835.8268119522754
920.3272894645518
837.3569629589967
257.5716277963075
652.2999932892485
867.8477869512955
919.9728741378777
777.2268920668295
32.31602082645546
675.8238403086922
796.56973475828
705.8579376639254
182.24957348862802
851.8756149947218
523.3819204527869
737.7431926258013
864.0648894725783
745.6584012990605
836.4640431651602
101.54352557871327
467.47416838231413
974.0798509009259
872.2163062819986
729.3977459825347
29.06632070314663
85.10389496304526
989.6834687748759
944.2423702907817
832.8398742014837
549.4699512947076
377.86045596254337
834.5421833759473
332.2629811649559
250.61004180320256
593.9455916599804
369.94681749556014
766.5421414500616
464.8718096856653
650.0490285487399
702.9527414557713
150.33091534846378
267.23162565665405
793.8154661184811
46.14780566042987
545.0512764610643
30.268371049972597
746.9415290212804
761.5995757395043
781.7197575117018
281.18773669177943
867.9424770437538
91.56679000958346
603.7976177880071
746.0245151209418
406.8731590981554
83.1773130715624
552.2366812959243
45.441088868020344
142.87293151686907
800.425657414493
592.3163032424553
170.5799796002002
893.9866031812559
540.5503468438246
212.18985734115526
427.17383959242306
198.40273236089823
624.495078553155
569.5675836768594
460.3206396713485
57.72766313454258
228.08223962654606
977.5770145675201
452.2705011720949
973.6815964084053
320.31790251614024
82.92418685859249
972.4644619858349
665.6187609951891
956.3594410145535
283.362548612337
606.5253064233071
971.9924749906444
496.9365636858294
41.49506246749291
862.5708383587357
757.729315960982
712.3302793257416
297.85448039099225
887.2529263485744
553.4388565842836
716.194308299329
307.1018333839938
955.9999303197544
853.373405798223
393.33749570442313
381.11534636764253
173.30871054469955
884.3334970569792
679.4078462465222
919.4847794201968
470.36193022816053
917.7293040743036
625.9252180684607
940.6366892463907
293.3280608250576
666.9937194533986
752.8639049283329
65.74108217412933
575.1022477129327
57.97833490139692
444.01145684974983
411.4872893139384
322.0772605292034
963.8349364468612
381.36433030273633
205.63124150970313
610.427081110559
503.6341286632313
381.13263640943495
667.3920206500284
824.8470410501233
42.08584398941406
588.1144714910133
980.1746227283169
861.1392545509214
9.750142875644796
145.39751405475897
622.4148392906862
906.5914707424452
475.4766973885669
621.3208324534565
22.78159841017102
126.79472500731647
525.3666258152392
27.310673526948047
637.7318306940366
760.1451879955318
572.8946853385247
424.3684000478398
5.312306712885628
84.46922028681936
224.9415236882627
510.60600629069876
511.190691805673
371.26661296408633
214.67119696617632
247.21836892383342
786.0104241132032
248.09707209921672
509.22915172722946
271.5708599371732
24.879536589141992
796.7575034615933
525.8349193705114
570.2167772233004
630.168984163886
459.38095576804017
843.2249357776857
323.4802223365954
971.1987262642747
188.10438234823968
832.990478012209
763.2870959297483
306.36136353443663
361.5912921708391
633.3131599171404
117.55154086548959
682.4116214177257
2.8850354015454993
381.79876760408195
585.728723877048
943.4146900986615
950.3939445173576
761.5402493685574
882.5962262148929
827.7830840272622
135.65700898757916
631.768089497874
654.946600142579
614.4427627061104
18.050662345343028
185.2742790719033
929.9741299902457
404.7092987190981
306.8843552133179
35.54849326073584
765.6451434853094
899.035000183523
196.05051180107202
612.6959772126228
241.19307273018842
850.0073695445254
997.6458304925594
583.5639274094414
260.7762873696614
990.6004345671428
827.5030852046649
243.6971531862001
42.07165065014284
388.5496399732774
827.1935449169057
972.1356229156881
946.9885874892647
507.05985896448703
817.2796424894573
935.1745041781041
274.23435726159073
958.174403230642
446.72494219537907
246.36966979993846
143.95464786191246
958.1338259645115
239.46459869258297
255.9153191577459
657.5988330145539
818.0107351194421
522.2730256821745
163.25338605399253
221.0036755043574
121.99543164752757
255.31494173929815
519.495995563224
964.1919360797468
203.8665026298867
515.5048415430008
711.5155598974708
588.7523465729779
836.7331022542492
689.9370417488593
420.4051463098706
123.73927363901605
86.2053744858351
388.5896728785235
875.9427632814864
488.9912036369375
497.8888424993566
976.1706315885382
636.6549762286135
94.41778155858105
33.068051984375344
460.3830595182119
190.61348099261443
31.358632071821436
168.5212783421116
510.45662752674815
513.3560303472927
545.4673008831234
708.1555206924655
115.0099819875291
962.1472102451045
346.78430865120157
867.8451692915435
178.98331563126646
199.2127699324514
171.21023621793861
539.6553347502424
74.60604200241328
555.4228568892692
250.12398484191357
208.54093891289926
435.7771182825748
819.1402573250004
253.0174926787425
403.0856096183013
20.602833592007652
79.15269838560835
708.2524741165573
797.0326616560683
984.0633379133058
767.9680164801981
350.80950966492986
185.57317628927916
356.59825513576016
150.703663377744
120.04981194442709
619.6225643526699
541.2431620684605
82.11387599470221
943.8132632871067
13.206842268145946
847.4762265860331
205.62658560013625
934.6306520683567
876.4233124890201
293.7389645105726
475.68948306027636
615.6536611650631
592.6244855437035
451.62960422206277
821.1504976905271
478.99303309255504
300.9781856526821
374.6075924745418
585.9320997147356
742.8642692377722
432.5049452614177
251.35577622966943
380.0046751434656
37.177744817062596
438.40623506328257
237.2503489497473
699.025012826797
19.91896344199029
218.84951847602318
896.1352231318931
10.396900234314499
892.3551388477297
883.6354545714273
441.1689648824237
642.4244708958244
623.0934712896295
48.647145616769414
995.9883972701208
861.7294990623554
875.4848107898013
746.8982025653171
514.6002954574739
367.1876665870187
569.1624529019609
478.09879814759216
867.7523786508266
263.05347399497816
650.2481665684854
872.0948998625141
118.80566647737945
273.5590677546743
87.33641684696103
220.59139970399465
852.0132972509415
685.288099325213
905.2073391135448
39.330351950851664
819.2613477520806
4.695004607384479
217.77350682917518
142.46657231493265
628.6815241664152
654.5225394104285
391.0809488898918
212.2500725275639
482.814776162792
322.4294320590816
947.4038958839941
802.0227085567687
804.7360354949302
791.3849942522297
264.50068279417735
454.75072383216497
389.57364744375866
711.4591249403989
215.1154267452907
96.43493368400557
803.4068911632424
20.903988601600364
135.68652513708622
130.95456253875193
258.78363610385736
115.51492809045405
184.24950450636203
328.8149886516634
264.0161472511695
582.668381561139
637.8220998062975
641.3518359126804
945.5343531147564
759.2520569556534
165.06723798677493
186.9931432097074
496.9616278070735
963.3080661680261
807.0417373736948
382.54633276471674
419.7731269820968
662.5782001371465
425.56299411659404
53.79444436693337
79.70931057556197
281.2225974213193
176.27671592069817
653.7027129522332
546.7020611252783
946.5571676899192
687.0855183867368
802.8116781219736
137.11158755711907
186.4751996837648
750.2717665128453
572.7611662959031
771.9453373882548
641.2577483913944
424.86507611435275
868.7306582306848
279.9965512426814
216.1744678757098
446.1031670620126
908.2332176222502
383.7145873702796
894.7152443592342
245.5205338659091
975.4077103812751
428.77322914011296
719.0611687574308
650.6365069635485
6.780111350803919
939.6957650784301
557.0304085514279
249.86996171698095
369.9897066639155
350.0707514712755
301.4598482862172
153.40201644658768
376.0264560981782
752.0937864978144
852.955397072039
316.0013113760698
55.128829525253664
899.3779469956479
525.8517603672143
420.8632555991837
19.66388562497268
157.56085464411086
978.5745903226203
390.9284872945818
34.917797741105595
685.5580225467592
551.889950689339
620.0462641623164
212.26342514116703
259.71145571092023
537.708256849191
691.7558626447446
572.2344610678851
106.66928713815305
701.4075280332471
605.5415221914316
642.5742276008502
444.4968789510112
245.29780374934197
7.725369678959315
339.7569437935656
530.6892808372926
754.2209287908239
347.1975787466031
365.86183634716207
855.4305446840838
474.31531356542035
119.25745308819901
723.0571141005171
105.73496484624468
173.88892431954784
767.3362734151925
332.2159583523962
581.4114894850316
404.8396494083224
885.9131665206822
55.04084961171818
369.96950288815265
229.0875133341983
171.04352163756974
349.3262487989659
565.1553048163979
947.6490224299797
913.0276256787118
795.2929339212699
375.7942216709781
289.91863602973024
703.3170483629441
662.9109542375618
231.41962988492259
639.8596512147052
64.5713831247272
812.0491433939395
919.5457561096914
857.6147762137415
60.063665737113745
266.46610700404796
356.09745935033396
739.7109554845816
883.5944119596176
569.3739489634619
906.8964037645702
644.1592015114525
422.0716842292732
758.4168424463018
22.386791537891916
755.9378041873006
870.706598865826
368.63588035184966
216.89284714704638
66.40300257435905
54.79137701996406
866.8727141838533
557.2979337561644
820.5533385632376
319.75743050625425
892.9062017973583
586.4852528774368
951.9322291067855
929.7814583422003
167.85001682191546
194.9990667591007
271.43338008782325
917.5947227096376
391.4823778643673
816.7553207567067
572.0596791765946
136.37829120661925
780.8662311209364
568.11858188614
47.148411851383855
911.6925643389119
927.2583774032865
379.768714807842
702.9296163453702
66.16137744182993
910.3955429410619
795.4075858569913
998.6229012756842
872.4239451899625
697.4095172259846
717.2566661257086
668.9608576850136
554.1131520757422
603.5890081940736
532.4002311275905
2.451331489212394
854.3735262461516
250.83439000459995
990.7643400181131
349.80698678617927
736.3144587961574
356.60993875173233
74.39621616241354
331.7283438465187
807.1363919075485
144.97301224948123
885.9598410092452
537.3623359041928
12.930515465032988
533.283785813019
214.30779010465295
626.180546292122
283.7263771499004
918.4855041701843
146.652984395226
13.629765545243089
382.0975067605812
345.31655103674694
853.1429780006658
566.8154367316664
11.688829225958596
478.1658682669563
518.3521868133245
213.8685633144728
215.89268934158358
948.3846858302031
207.35314426370098
372.33343484893
396.86303685390357
641.3957967707983
535.6078766320425
525.1696249412671
876.5445073737797
357.59975538054357
987.9452699985269
892.7635702665378
855.3594990436312
309.0659148457653
774.416609838896
489.75955166596907
334.32211873613693
153.73353477737638
72.39551570459201
516.4427023959594
600.9068857239455
390.6003078758
547.0768614555051
944.4817817823941
753.8464146314026
520.8355630304626
576.0835982807308
232.10237101874665
758.4579182888544
876.5168707824848
257.1565055802667
355.82298855585617
697.8869705980491
324.1486578446452
673.3715834334598
495.7700152123256
802.6866312708671
833.3800684180809
910.6697812566492
704.3103160210501
667.7159981872242
643.0315389794717
669.6485976610377
778.5135879746388
509.83193654700057
505.52247239738745
189.13775207408423
161.09681708160016
649.0726990978217
131.73860171850393
767.0512757375036
404.09994086819387
612.5600506903498
836.022836702888
349.87000743257903
896.9374866325485
166.81227584714242
537.2323690264244
835.3381741991204
210.7280463397452
159.5163915955854
98.21519200461249
196.04775508230233
913.518202631506
108.7902353707887
165.27248150123265
356.2909995371738
947.1480282345847
808.2394750403882
418.82259625476524
805.577283559177
348.99363075113774
293.5827644074885
856.0584903897848
279.6304089732492
876.4161459740586
797.6053380679687
73.999645819116
345.68524644363276
247.1118832354079
717.1813792385008
766.6919783528318
120.28810674280655
521.7438837355887
42.77537910964002
940.6757675435135
22.48801671369083
355.3515349473809
59.630119880963676
804.462123701537
996.6751934835719
553.2606242052776
872.4668308411694
353.84252743464305
520.227514703018
519.6221573570832
729.8089907660055
426.2980029784687
224.50756115277605
641.7344113237968
312.8393824653771
679.701960334748
79.85184510267152
480.62354944428745
753.310315958362
113.56029351545871
343.12289291388373
784.4383928130005
750.9798459027913
809.3411838055345
132.11949389422006
825.9658639539596
146.45186815072753
545.0539489167646
562.400014438015
823.6820359079968
910.8021324243402
827.7448758352881
938.3856259468579
245.2247602869848
835.2018128959164
157.3965737083518
937.4144178120708
607.1355188514926
547.8461420681208
100.80426806403663
75.00215675152688
909.5318598644792
307.05177123759
471.8637556542401
302.551014592182
124.63638131495969
906.6328239133722
700.9977624270819
666.3716504987447
190.4516795736265
465.9918531456062
680.0021297221623
12.353125710726331
239.8342270782683
375.7703781527428
643.4823045065563
291.6598651241473
370.5380806057408
896.3243881958424
829.6444698211972
490.12958099931626
868.5076528694264
816.859508334399
11.165010387275132
352.06343902235636
724.8562572052816
704.6268400478482
358.56896754424173
496.3648910123708
376.6014885889239
228.76326622576403
908.9633307856471
217.850192589484
9.829237970107707
104.43415403199774
28.74931761839028
821.610194118153
16.292163069056897
476.53662731024946
218.28626358584756
770.8267226173681
655.00646947325
428.66021438084977
281.7495506117493
801.1332981097293
9.943284084582782
203.00821636822263
486.5724159635335
345.0840300636
239.81345545616318
105.96367446670652
278.80368419066394
428.44399094884665
766.4554800347967
597.3177261214527
930.680381036192
597.6937490506629
883.3180455119129
100.93287817834951
851.2697281028364
97.2226736999463
470.84189797319954
680.1332503145356
898.18263265272
491.87338018949123
878.6290266146336
347.87315843718926
519.9362156787698
139.6343956714171
53.46302367026345
505.362073512277
905.9888391954327
570.7853361783594
908.4567353492017
342.6577390708825
543.3122092879406
244.87122764465963
876.0675194484535
858.3051587388456
827.754086775401
328.27194551440397
167.72984633305998
202.58567007086393
168.40444254079932
87.39196797733018
788.4872974494714
342.73465801247636
390.4405286447777
184.21289382303863
979.7674562816188
529.1088414408237
11.68950516636258
770.5064564767979
447.0231040812982
453.3777180375014
675.302249109539
603.0443406847016
663.2631192089127
719.5133637081732
179.1442255132869
528.0423035328292
145.1347326232897
439.88030623336306
686.9095745888255
599.8911199682682
484.1178630856588
257.6259722269927
550.6178452593354
312.3409916737205
935.4935230373044
645.7321265542485
740.3965276994742
517.9486967325713
727.9895108507699
967.0749618694119
627.7566750879973
819.6768860184608
767.7223333432537
582.9585506940373
841.291741604054
678.2018389021528
621.1347640636816
814.8233377516416
890.5619247992327
639.1073938199809
388.81048092787495
261.9180389701239
422.0568758785994
844.4455455469944
625.1350957979187
624.6437523411446
981.3228170339166
832.7008507320272
296.12595237387217
348.2163804832448
442.40311209116624
529.7491019031071
175.13558460848512
586.6017767757144
293.12642175713034
476.1872663555262
467.5462043769594
3.6189539953445093
174.38944449144367
26.641361564606726
567.2599709928907
119.04722146620783
304.09666799880796
125.7607929091279
383.92385681763517
773.5066219644267
514.3099883137173
99.59564002347554
515.9398905934214
672.527354185641
188.74567637127493
741.7688698836993
961.3085041692469
348.7762903823975
842.6132216777528
259.3941645299317
605.2188158738063
14.140459177342635
315.19696626285696
22.575666508838133
123.28717933139322
603.8215098508219
338.58775173765855
910.9103331729956
708.9171574512013
849.4472043582724
74.02162263684353
43.53762079054946
214.171387148399
687.1576143860726
870.4268892469428
886.9196132464268
151.9853235229045
635.4774154895516
514.9443110474074
44.221861372679136
346.7098705265117
955.1606322926879
633.9149340229136
72.9509832359344
977.4496769789333
581.1039795779781
965.9908418827036
939.0480987445279
446.1878290208878
49.03338188891504
553.8713895893644
973.026115440704
183.08091268535387
90.46745767107578
786.222279466237
174.9413744915388
657.7999217240089
217.16195177257947
431.93463774764285
677.576705940344
492.86984715276907
564.6484463646601
833.7147290435094
445.6700475026959
662.3079846968516
314.36051900030407
793.0539734785887
657.693966491767
617.3774145438765
100.91097233369761
668.8478391689523
123.175453771719
661.7867954573873
301.7292696384991
897.0062877827545
400.6015281395967
197.5181039022057
576.7160116630236
570.132650330574
189.21435317057268
764.5372110380712
719.3317953009764
257.0459438511468
21.59772527694459
198.0626244080359
253.1214492522095
832.2973472618914
168.1987271579629
796.8106180955268
402.58837675753045
81.97942436428718
507.19034688361387
59.61919630365631
993.876862130754
986.7947253089311
734.1754306267483
731.99111096966
614.4242827411693
589.5054151739687
166.8923455893019
638.1231350799467
243.0287503627081
12.78578067426983
134.60198019150226
374.71318282573543
925.8679517139233
775.2544091256284
202.7537169772794
379.57770492301825
785.9564269631518
786.0971289160116
394.9125096868535
261.8448180809892
392.02877961128
386.0981256514893
54.514504120484865
32.43687267145346
962.1642875768749
219.623111693961
5.59893315186033
842.4257066958576
755.0354738176528
323.5879311344892
394.21406448952104
166.08630196913344
586.0913330521038
949.2173976204042
112.68252445701809
218.476019155747
875.228881590562
556.0680961503839
388.43113762116263
376.0786716977091
484.6974173772808
549.2786834913126
504.1640329956284
721.4818644852081
394.7458671034624
264.2751031067014
690.0259744820045
4.558818713176649
869.465454990008
580.208171521046
869.1385004008008
603.153637277964
807.1457327889698
176.36940128407497
860.4722774077875
945.0098276623678
730.6242354623722
832.699663120101
147.24946885997647
112.09501240690689
647.4024956619759
219.38871539994253
555.2385274540119
174.16911207882046
538.6958988989115
329.4139241761308
120.91765805632227
297.7686289080427
39.442624506136895
514.1090939464059
665.8255936995693
240.33487827602707
853.2228830433901
689.7081091488471
647.4675534396981
624.0185187990601
464.6904435934753
818.8597997276714
388.5558455140127
32.71780606891927
465.86660233224165
199.8483583271109
63.87335563188945
739.1437357563294
610.0034392248212
32.233704503024654
642.5574328705837
474.36548051134685
805.6155080097665
714.716781869581
758.4295220972432
511.9885386717832
303.67492549916454
720.3483200860544
361.4995499764203
844.940095193593
559.0296437763984
451.7793294272816
854.8294352166387
320.4823255896076
202.29160065899043
932.015412353677
913.6059606952887
926.7925912606781
793.2975495640279
733.8503416806519
126.93740615871319
689.9665111996954
293.82127789117175
547.2336031071724
977.1520470904723
760.8965292860078
670.4122567431216
344.9579712845796
577.0189031156094
773.5150143674092
394.8497421043744
80.51885561303551
88.06034039715549
798.9528636540815
424.76873908809756
352.06947063101313
350.96935584125157
216.65314614115783
782.5104377282368
474.22746685293095
427.7862236503552
416.4813305136714
765.7064074047399
35.91044808387278
459.4506958140165
457.3792669661738
847.8957869416656
618.1514698344757
188.92536161313356
89.8459663251342
449.8389129900329
394.3132529814335
5.697129286024172
984.9386742167674
305.12917021679255
64.42938086096828
680.838212675289
169.71271810114763
923.9648696665917
677.8918275054286
271.53261109135764
924.0545833904018
145.801407801858
922.3643016202502
393.4306012045005
953.9677075923254
704.8623466485919
320.34591689602576
528.3812358334775
390.4696219206382
201.87295603946964
547.6680784965116
391.21803848855296
440.6575735531237
853.0089892464113
970.5574112796523
931.0603829235565
635.6861910121244
292.63753717816155
196.64858411189036
701.87170887888
515.849859438745
404.875985459589
118.07803071858291
354.01630253723573
949.4694845910191
358.12890335658795
889.441253475545
654.2063759725535
110.39198363588065
554.7336112479471
723.2146827738067
55.38549055959041
188.5549937700638
404.53854502246156
198.0607880362928
428.8976769725562
557.6175221804899
143.95758861843922
266.1298392424244
415.2804280096625
501.9396887526979
967.2442458185478
247.0313621733975
989.2035839515836
459.13317004984424
410.43055014859794
834.1738516961424
11.550233007479815
857.8945909349999
220.56683134919365
711.5147502109049
393.94066115389046
825.6338235273449
28.689569726257137
125.085410897258
273.19989679477686
211.5044020158292
854.1318297625036
930.3646887425336
87.58991290177487
317.8132556543397
746.7342377542452
723.6550701268366
967.5369699354164
818.300730685108
766.1498241528377
657.3374582879668
779.0952701003247
335.62800513135795
419.21976083368384
833.7069816191162
9.686926670862906
198.5350270808961
969.9981194864017
113.6875949078866
420.92733633674015
284.3656955363051
288.0730209845147
433.30709960393057
425.28598885700984
161.64878565471886
532.8674430254812
151.32297390029592
511.26948502131063
61.65723994811023
173.30352272015614
615.0328467266099
670.1657028542485
847.4473828821262
965.3884755725669
490.22921450854216
241.86455000690643
55.977791297515786
264.53468747258034
984.2291315635579
633.9903212945526
556.9946141554099
252.36088483439545
42.34212906322288
21.506050550639365
353.5637389782839
771.3377290320626
675.0367934237161
162.8894002492982
153.1840675143732
398.7206765766533
6.739928594121647
662.3686567306139
8.170895792601108
859.947025509462
757.9760258353896
287.2066200894317
108.74143572644346
340.9436272558621
634.9950066875778
331.48957831168326
961.8607612628823
953.4671211913952
258.8382723462777
980.9270397898772
141.08392452013908
618.884311312935
757.7134904620032
109.20010397664836
100.31596977657465
511.9415798201873
485.8836887658179
201.49755548888615
6.542718457952734
557.5402575557978
841.5489216211104
58.38079354680647
758.1077925475128
751.5012489092377
124.10629562490982
252.52150036657738
416.7417068425471
476.279210392939
730.110497601146
745.3429461324982
815.905196483537
795.1112522490955
895.8334940666468
397.9128388297053
668.165408648893
837.4724625116778
331.17641865991175
354.48510394372465
167.11983732326217
255.23811061464363
942.6967352962449
228.93733135742022
579.9670112652541
67.22671723244433
661.7473472062954
992.76095314577
318.4685869327256
229.52741998096627
404.9781976977547
194.15287937793647
485.19916129153376
909.1387069984061
598.5712623169417
374.04253085648753
916.7866064102152
545.3406352223325
899.2941453253741
809.6414297850039
912.9397291983101
195.7153357053427
331.59825489488105
435.35571884022573
993.2489007739895
628.3721031871193
982.0775057578143
635.4933842830795
74.05781207316709
919.2403464285053
232.96342964560668
552.7346007671649
991.145012364645
853.1765459931858
941.8519818334706
153.07480770096848
537.8528809180995
942.1611716076204
535.786753640818
854.4430185735905
6.874459936461852
758.044647630607
922.0437415590742
406.81187623922665
425.0284060447944
624.6819764979455
647.2537306974586
762.0571714659003
792.3227972114287
519.984245693006
929.0913185716253
48.08829359409461
17.169204004657935
56.6161944967879
234.23955308410592
485.97722358595064
768.2107612341431
36.79258956872089
646.5307252185474
131.3644520235483
790.9837992106621
177.62350308760634
233.45109966653843
497.7330573519286
106.79127310902726
225.22998019275374
337.56129701428995
754.2376788612942
601.0602322670849
584.6243004384256
224.22551541303326
395.63078157739994
285.0242221911968
735.0661168060279
374.1224413649713
661.6029457885493
367.23469955135414
426.3577616685777
323.13252046166616
488.79955235273377
205.6808883885345
392.08405370698426
702.6125643936576
952.5581350336512
56.490832171991244
731.3666709555778
351.1140868469348
731.7877818287087
540.907044091119
834.7346073410808
138.12774703716067
332.2214569606299
181.1492065933741
190.05775037580662
179.96649248225938
887.3145839937273
756.3364631502244
419.27084675724524
675.6656784225747
952.3002887110271
781.8773726079029
701.9357130534333
355.4234968499483
831.5805688424246
684.8203495326716
710.148071342501
561.0694462328767
409.51335468758475
241.46577614855946
708.985291808627
302.8968633646395
358.66629301951724
156.80187610245676
417.6769837218016
936.4284083602988
6.685252285434262
741.8703774861194
228.3744763871308
997.28893581553
875.1086922012167
542.8446867428463
675.2335262894268
124.72022746395062
526.1578624062122
565.7549722493088
341.5906999534023
553.6346930784665
799.1239233959387
120.09194343839813
223.08973459055136
443.73073391571484
844.2614230040277
2.6345581567212006
496.68729410070756
483.6400625175925
590.1587285660668
241.17254521027476
614.0030452892719
76.87776133418112
181.70291268157345
75.90169492422794
160.56180360580484
21.392316134318136
383.4116683849128
732.2117381763452
762.6409697085985
404.89635967000214
115.65763926932537
303.5021227383583
598.2287574794751
309.61265838262887
5.4771969751883365
847.9875856087837
472.020092631278
491.3614035985947
361.17127917861956
887.0509276418214
995.9805282367416
986.9916906763543
305.05358285899297
929.7076391067211
744.3237647166533
666.0317876531702
63.87586543061663
335.035101346664
313.35153622443244
511.2086513284021
157.3998922656268
993.4904477579458
881.5139710327757
382.34604304506627
563.2714745852644
42.14379364496246
127.63843656669394
650.4329729640268
938.3654344506264
586.9583156553728
237.37811157467746
687.6353258136793
693.1693859003683
687.9679201553135
401.0349511528063
73.66076201714932
556.9376575867797
317.236015295657
904.7175091381916
314.95488669515845
410.92138553547375
20.141268580391557
327.45285799116095
979.1893518359002
329.4033866019319
709.9373000943824
718.7399095989741
621.6029790905451
697.0169299190007
847.5239836903559
309.1794687538931
975.0834100311455
572.4931863537116
532.4684470479528
370.7496502617549
880.490864460818
965.5201627554179
159.74584801814763
344.13879555485437
754.8445180717376
823.5411688576835
256.79203101659584
781.8931095226728
130.51992777207366
150.7940634201258
368.95366693202635
263.61481593228064
164.70815565722685
246.64166680854038
692.17047146167
986.0871163133972
585.0250160957178
267.0984216250336
453.55745769427415
944.5333276491627
586.6863324386564
230.33340662618585
329.18332605747634
613.3557831732473
165.96817067341763
86.74442095910794
449.65299430598884
410.0669420655872
289.40641770815336
776.5849127734606
820.2836759422684
633.6831988855375
316.9269862702536
256.32062677862433
253.82322225369458
73.04805095916223
608.5441845756751
395.22402821318036
854.4417806711677
333.0351535493381
264.33169917801933
88.78817598410093
420.1836065559018
699.9792951863014
144.98902575672435
362.6586672416832
568.1107260292158
305.75106451041154
945.0828757273503
405.9814254920868
68.70036908806854
40.702104317517865
898.1301013106781
651.2511805145343
530.920874997687
683.2907314621937
902.7475490473792
851.8536069217716
373.64478161570605
875.3374726158819
192.22525410521806
171.5506361108702
637.5296099275992
51.492836318784654
682.9699224737373
974.8205919936722
144.84638923950766
747.6511930635315
147.61152080721905
969.1341363773055
987.2172228534642
296.62084884835735
732.9667027347174
686.8304453002144
470.1883704090567
111.989442904181
120.29177882152142
544.4603713546225
939.4536737372291
509.7606230331899
252.9352276447846
180.34548518194836
554.3150512626346
138.21811893651093
948.6043167405624
639.9184718898025
872.5534309890077
351.6010919982655
13.719140943894814
359.58968844631545
615.6717595641892
809.6939598726925
552.5293827082835
92.72040057057318
360.7213139200973
210.78624634917333
20.36087620178517
593.5920847923196
711.7337494286394
53.376705325952734
995.8372115973431
246.70122160532725
751.7648980128414
816.5099165076582
281.0817004587368
406.09239098279204
793.6737538425834
315.6283578768811
37.899180734835
830.0090229820943
365.72015920918153
419.0381726056889
776.2063722910802
303.1717082132416
51.21730437635552
921.1240411023949
411.5963596180162
656.4544450486625
974.4767492981057
77.78323314733659
118.72455644388124
51.35407776551815
968.5268829054112
377.5968281513429
837.5388840852822
370.28777878854993
372.8653156780668
656.7998979257517
628.8125303711516
599.1643007516383
327.32880767575256
275.31341391037233
561.0613183807897
166.12077071610753
488.002274144999
876.9024572057807
55.83218962071301
132.14041118124808
473.1269811019254
493.96881405327076
750.1505571510995
691.0959137970045
900.9528912055082
438.755068117138
748.1485553932027
476.54676508488114
636.6025577535804
908.014226121037
366.86097782373264
291.04307632441896
863.6901206387171
770.8262457522337
398.5962171082895
904.02597490144
691.9369026624264
564.2714198029569
994.8926359684943
126.35086787090366
182.68574241657876
671.7377845276573
227.06211032237155
102.76269430614038
573.9012424734389
555.9685190366633
853.8730710990362
719.3949338255263
459.2870646968781
874.656640045465
719.5665794664762
698.7220520817001
365.61601411648945
102.83155629054986
779.2958371798537
650.940725211625
984.6016899561216
401.668357235451
831.6151896466024
961.9201431089832
725.9937354154482
334.65921356271275
836.6311980315849
986.1193418987854
209.3350792741312
575.5246485175062
483.9052712576087
418.10810105902596
87.53570661641507
800.7503846913705
365.9117195184883
679.9146641950285
457.9772004689483
642.823752493873
454.51799707203753
609.6661143007127
570.9695730402858
397.5106768441266
207.24229753547675
936.8537055029364
581.0690967544219
929.7203686161554
765.2473366635514
124.27370022977225
192.11927983594336
889.388793877165
518.0979471980851
406.0831313525992
133.22010050689371
280.3904510562013
665.0225212774122
111.16038350356605
105.17836927579738
136.86947333989218
720.3101132253594
189.40280215159578
632.8006848924474
349.0556658032714
317.1893610647406
957.7797336458528
556.304325821265
260.8086574415354
608.721157769611
945.479229348826
327.9578155836719
860.3853322384872
463.4644286454952
18.332333038737826
245.60455313910657
524.36263659655
905.0306968325798
982.7905064630281
833.6251401367629
560.5439184291808
256.4141246942655
758.8087632984129
459.8538580834147
367.53819105971195
570.933761914628
564.6749861139947
742.4460055549472
830.3433653408355
610.5949356445002
280.6577069422138
924.5389959246592
759.4914413150148
859.7482164108252
67.2838881225779
418.05508061777095
686.0466309414551
228.81252390689656
676.4349062143098
344.74916023173677
624.5556033511516
306.4497725584725
446.03014070944505
937.5091497860974
898.044073580041
954.8749868961652
860.1479105760835
965.1821827737579
642.3281558914341
868.5078093013578
32.4410750877584
4.926898179248851
958.9866810954799
343.326332175869
89.82451221615784
45.85134991281736
578.7818588448653
58.8732297931045
194.0944837838463
860.275232597139
427.6406036263283
511.4482034432809
435.6720312785658
771.1389246094805
69.53518012414894
77.93458249464513
252.1033999920752
67.46343444181957
940.0380794366279
351.2111287281381
341.68087372190735
561.326075740596
230.6125748101343
851.7513865843694
257.3547396418546
976.7752056078218
60.88478335657332
609.7521240797541
888.8850656950473
641.0875915339107
912.1961482142044
327.28659437459373
161.83479157679704
528.4385672693236
569.3626104107652
131.38789893053104
973.6728015144832
488.28295638387874
882.9327565623437
284.83496034006106
714.4028593746319
127.23963660822812
822.2806395359023
266.54606474167844
572.1945078044974
168.92513295493416
767.3901035840989
684.4846500660398
586.3204038638761
524.8664438954104
190.30549340283252
776.4290963310326
612.742234681439
955.7864744998728
503.2454729113831
40.00863072135874
67.8198656063148
748.4016134699564
938.5720312599433
512.1351772470272
411.06069101215536
754.0581416412523
304.57976836155166
219.14679022044615
735.0740009575711
460.8705907209218
684.4752639739105
364.8464665715444
20.608000769887337
896.5510462751573
293.8344298774461
352.75217699673743
537.3371759720333
190.2007986196834
629.1763084219698
250.99541247270895
110.62754022829857
102.18461712483895
178.70041014660043
528.5629928575617
264.72851954302246
886.3402601289256
84.68801216436151
759.6211713249683
678.779649235294
456.5039400483877
414.1972556338095
146.5903723766241
811.041564715625
416.3696802851249
391.5872484342663
38.46086160370377
602.2273141635462
140.50105310555728
276.5487389466721
563.2691361310001
412.54701483872924
793.7235055907964
43.479338932284946
893.7512965032479
586.9106169327137
364.0575561678625
420.79838642371124
456.64618825663126
75.22531369524998
724.8793656247528
269.3166339321197
82.78452538558912
360.3437093513512
717.5370314967963
187.21666208320198
367.92361896401025
274.84916089035613
504.8960270055164
5.086831972709871
608.3587450710062
560.5523585862258
630.4505998212667
561.8247668963098
708.3136309084127
676.1634152108039
767.934689588123
792.459814150449
984.0922668233051
946.1683054462407
759.9198125619329
314.9638721848629
808.7103099529146
470.7144776826916
95.31546561492621
217.79817288543813
3.591991585246923
998.8962208425432
579.4740098060595
459.54200254092547
204.06706398165431
594.6420893357748
389.3318320229818
177.69850592848158
705.9420125433178
333.75175505151543
40.15789429848549
606.4339574946358
610.1709504105596
655.4677647921035
119.12780646109566
78.83490728225595
996.949524582967
897.5201076098239
352.85502109436294
928.068208359909
342.9580024499158
606.7552083686658
70.88633933917454
751.5684197568154
796.7848775455202
968.4098602827286
569.6357623171095
136.67224046929726
938.7044992030901
685.1846128193748
199.3728340659433
747.2780794942952
358.0534192093775
140.33323587539738
428.3283360703707
882.1214184596255
867.739779709586
806.554560961299
799.0109058269575
213.8560419849378
914.8368058853226
352.4277520335112
688.3050734920778
206.26002748267413
955.5912982019639
26.95898720117107
634.4389403489396
119.89660641155587
201.54643792256167
241.62026248171097
382.6322124256728
647.9429623061576
443.06132690635116
645.7454045880451
342.5787450662235
396.47757249074846
431.3534048353955
779.7416883803598
741.1069246073015
279.07215908336457
630.3192193508739
433.81507725454895
209.79235387778095
988.6752628739965
565.6818667107954
799.1380294510358
0.36473089498423317
277.0136139126764
83.67619548326121
601.1157572515061
708.1421836328078
86.2472870240203
909.4039398972867
75.09056958964632
162.61340199823658
67.96005659260173
255.67103754055452
440.75487001054734
478.8629486036693
1.3187524712992005
616.3568549090361
344.892833048995
255.18346289642056
373.7437191440088
779.9802408818223
828.4270295932276
625.9557871168812
872.735160048381
967.7271836779383
942.0764964119511
654.7320074671105
948.9007499717941
844.4817597805331
470.7977063602906
689.2355774630414
590.058467087544
931.6567029911745
592.8157853212189
373.4773991565654
113.3018683918925
722.63748949528
917.7591064290765
368.2044629574014
966.9835468742381
362.0884963602821
203.81617141073394
660.736638738125
112.66061381090375
782.1446116327
45.11045080003173
932.6525078774682
622.0127536478753
972.2596866931443
340.42388642857736
574.5582033570519
431.76017006353385
888.799621248367
227.89897522509682
770.3642004198956
22.55791948377306
437.305768808892
757.9586787147942
996.6505064611304
254.75415779098697
215.09321558966076
636.6284218947246
216.41577399471979
274.36210045441254
36.874910166594724
951.2288824868515
173.58155642945295
712.9068365306538
177.9704179324647
715.4871941385442
727.1336330747532
923.4590611561966
150.16645220585133
398.1624003245252
69.31447701052018
110.5752076709724
744.3005551578912
172.48003030736803
341.8763830760627
74.08821883206996
30.745313007841112
528.3922986416267
685.5292520697903
85.22989768269251
470.9031624768987
511.43431098411287
31.65240746191611
387.378509558455
601.716828562437
437.4429420786161
1.5287813761376556
557.6530132068507
815.0656815047581
924.1624376345482
679.4024138534288
200.03625070632103
246.66743346071328
851.1928068538219
265.4275646925247
752.5983902669485
181.0323385982947
580.5339710185098
980.3963860962722
670.1432047503804
22.6407007697208
755.6540698891286
652.9365407230816
552.1163481959323
553.8405564379691
201.81704421300583
212.4383174590937
291.6961440809399
258.3776459106925
997.3563322746047
35.40792781463009
291.1687763678076
208.28406655092135
762.5109860602172
498.51267507918163
900.2983177730947
772.2256531168109
152.79092321965004
162.47842470297658
0.3593033820453728
768.9197001156558
904.9304534717031
423.49239770985537
411.0049287958122
304.6222291451732
992.1664061374099
675.9210481914743
105.8875968518731
908.4561544813419
827.0280051362398
698.0120691776775
695.2846826859599
540.8657604803478
112.26206565049223
419.75472539897385
118.51742422111977
564.4283459406381
201.50108216399886
5.570360115015327
735.4769482660566
765.16137815519
506.63283549970885
302.8200888739385
645.5180048633489
412.16470104611625
132.96952409919115
847.2151973690226
145.9051711330246
361.0288800543342
122.75091632473179
678.0948343305495
429.54030118765064
790.2600136320381
511.0256025214839
838.7239826450185
252.77890536345015
888.3162060314327
973.2853670205926
796.7211589295966
229.06439903594466
458.5254293630368
46.53086371675863
541.8656489191031
368.47033092091664
864.9466755058958
387.66201696685454
332.709956407619
873.0516321394308
991.8377545548283
405.24330473623513
417.3955667183014
776.1283182639181
464.29462115146345
749.3616660362534
421.38044623294445
484.95679655006063
955.3876183534683
572.0499026439741
602.5993514119908
171.38440099516583
769.2062719900377
285.3626474332195
788.764723606024
143.69396645119835
244.14157858821218
627.9217002457586
242.2191208520069
566.2967179502375
221.42975536624343
293.049926973686
739.057488558273
669.5843051853874
770.0741067231596
609.9523272999932
132.4615962551693
152.78394381776505
122.05395021066545
350.6611766118306
145.95858399379313
973.9773055715445
108.64089847379077
202.5426214779249
372.00669770191905
849.5924078589709
241.0155986664264
675.8430501915125
307.1549479756015
326.24208843735136
537.4668240339245
344.82991817895095
430.7339254430015
876.3341644741497
739.4757813381154
409.71748107177433
620.8446799508378
650.579747264571
486.6220692188201
491.0553773979801
86.48724529854557
453.8027255133674
689.8256362239229
498.1912231250349
752.7658406111642
26.44839962830026
986.957264964112
621.429508528185
732.3650432642273
773.2347250484771
733.1631053161628
955.9512806132893
184.83887709447987
387.3205232017133
595.6923646138202
903.0753475989408
91.31279710965723
415.8176955192432
563.1123301311131
799.4450064771398
31.439580504881715
666.076747515037
18.995172196917597
347.4563345520402
31.88742157844937
136.732332077808
697.8734449957234
930.1967542016155
472.4258715294175
793.2327614559206
120.65051396963811
889.5445917953768
966.3659582447531
836.9124008448365
761.7114813209283
754.3616768011705
433.0089082671591
294.1027237214191
91.45791023825423
239.56596984334567
248.29987264654406
632.8710940997465
666.8851753545719
120.53648650157544
764.2745770467678
874.5298992456559
418.02484775453587
150.20512213322257
176.58066087455182
306.48385019138226
359.7051222622195
170.11589528468363
904.3026566629604
44.05598313684811
684.0157425512372
179.36657129194344
800.6134018132489
505.4863258261032
580.297341416557
844.4741870337512
693.8266587332091
203.89961470761665
837.3651429579643
654.490934521921
729.6146990269806
534.7099555417773
229.13400745904022
755.8587905958258
658.1531850870017
929.9621078556089
750.0137717413406
63.33308259144776
618.3930393010369
797.7092254589871
253.55777108069688
834.916241111298
799.5290684048446
65.76382909212741
865.9153955461146
166.30047126196524
8.442566456522638
107.12231692097885
789.8006521048935
974.3344051482475
732.3637524674476
981.1735323384911
800.5268205372009
501.9287478422786
414.87802664068795
925.0730337547158
302.7424675127777
245.29419581818857
328.61031720799815
51.86860226130086
760.4413662098746
215.83651616085797
315.77388173877273
975.6612985579936
795.6187841667178
600.9673765041252
951.0289431333442
882.8537074860644
548.6029191238995
781.6873671432222
769.3993334575082
133.6251037300935
752.8605421246474
756.347945195525
282.72401411720136
232.22466748433433
828.3059565992231
906.333463141164
689.9824048046282
325.22530847523814
733.5730291789052
453.68205281663586
248.5435130554381
260.8329027708993
820.1815137216042
764.9378066104179
842.3434565625328
744.340373019686
43.9427815818425
594.2967103982129
815.7788868155262
951.4469677116816
449.8307121119426
833.3837717913293
101.26361912705839
858.6919742267327
788.7497993031432
720.36596634208
997.5261653603295
974.4838629836045
436.66949205458036
428.6107449412714
640.0188291395826
400.67871317286085
764.0385901313672
398.80068788984124
771.5361420060418
930.7380330292953
401.2186012971188
67.50430513774519
678.8065278898356
286.25242924039486
269.38021655078035
317.7289642906138
682.0959829800014
929.0015972634022
750.4987252756788
626.1384813474311
934.4382522418892
471.09743664159674
469.11351713945794
367.3023211884877
404.99426985795697
897.0049985216067
181.61718249271263
12.041605584861781
352.8047150013563
263.00470110219743
649.5910495157299
698.2307052606435
42.191655149695585
799.1860230894844
52.195702754014974
273.9449623136281
98.85403336280318
971.9075309663905
813.953834410404
483.9848467526855
770.6311711734531
146.9859606971682
435.0370759444679
465.3694717235244
6.123802750924279
591.2180501541905
621.6048659416252
279.1295197575323
116.44512859866374
745.255303547841
878.4294523212102
507.2181639821266
466.7467588571905
791.0638479295694
715.7491941923992
290.4888586366254
489.239991331304
616.957963335773
483.0653339990965
308.9819607355706
729.0214950703852
892.29511974683
366.0957972698109
934.7140665120372
989.4517229146794
968.8862843594654
627.6354951554839
92.23995404573037
794.2386338824772
67.68499074652101
139.4698178123016
898.2755268302284
849.5448130763383
745.0204597274343
227.0993856129725
871.2311547518136
696.156145274024
186.7394150548949
67.68657039185
838.5214327870526
673.3044226244889
50.63548906803772
149.59933296316308
686.1113643210282
61.599526639555144
544.8323008547327
593.3112973213498
866.4087621291307
170.42264023098807
563.3805102943069
788.1836040495207
516.9819379152772
926.8986674042968
936.9244016662761
154.45508498635175
663.862801830939
879.7774955434602
775.3863540593021
824.5927162734445
296.2733158057511
265.6977258913895
53.30105889793024
133.2186021425762
300.9781521631507
863.7085060795733
888.3911641787663
261.9145591999028
696.900848695198
394.2543113449646
495.31678347438867
285.7275934081861
429.76071464893926
201.47303055575483
157.53903004611269
562.425953049145
543.845997556001
578.6081216923143
296.08961374615706
659.0238701663054
173.61057999631035
4.052616013398125
42.170223921520254
307.2652104474892
345.5963363268036
496.62553947071575
276.79351815858445
788.7163059385124
320.1814164357628
652.188307580037
878.8606405553458
535.654991340766
588.1893027914177
487.2906867807633
139.252841944018
769.5136248768629
994.3894215353804
514.2554859450252
38.81216555554457
4.787702737201638
690.7517026720682
703.8057937162909
781.7457378326653
988.0339835316951
738.9810199654951
626.033630540621
541.9420309626746
670.9967053314316
311.10729422094
984.8327652351755
964.9450210436894
556.7712362352338
594.0331435624372
530.6675127409022
157.10075242112552
619.6767171614696
869.4310618534194
520.2665503165907
316.1865265877792
762.5052167864542
97.1140253847298
348.5347006894466
155.4092652665835
406.19387711098744
297.5316975367105
650.1578666881165
214.46489108640154
573.1938864747982
724.9632165041056
567.491131096787
982.8771036587284
158.67246911392252
640.4139802473487
248.66773142473363
562.6161590315013
230.78930830898258
674.6531825121647
920.8851604639453
788.2882430910472
14.918630903396735
293.5706953830637
0.96422520645989
279.2625115153766
520.4923548552317
520.8647045936618
850.1753455456701
642.5394926601144
704.5115038880108
686.6951872955012
50.85831870460156
857.8876014534625
766.2837623973393
427.0785854401897
154.63587748921725
60.50649082302417
861.0443498159811
891.952287550835
362.5744149384248
832.9761690347996
353.5733097672725
396.8770029983786
690.2453881770474
514.6157726622727
608.9575033258515
283.3854490871475
440.3024254996625
934.8718725230242
918.9043960309168
864.6346736758034
939.3414342070953
504.9329577205286
138.19636914408295
858.7186212083772
30.72046509205173
840.3452108517641
842.5336750852769
863.5556475205103
239.94264498842722
278.3984519333101
891.7801961225512
89.82981779866017
716.7810030551286
704.3598265743723
490.61424386184524
316.82651357374624
117.83183712560763
259.7611046319148
450.5439249209884
840.029897641903
822.4280886112759
922.9725450162344
433.62821320981584
826.6438705201214
291.33998124789184
528.5288847357428
153.52319880628852
957.5150090403764
489.0260946611289
684.0879623282706
826.5557829651021
788.8708941505353
151.1223724208779
587.2681688625944
331.51126612999593
7.3860953675579655
393.0078339780996
412.79448868049985
146.63836022201505
777.6434571130208
196.5720967640897
175.49479254718457
263.4951855266209
195.27832300835547
174.07364918740564
911.2799439265395
236.21392634227567
54.377207044332906
18.67639271969457
816.7315586287267
50.62343826624405
177.46785619474858
601.2049140665874
445.5905063356298
182.01115279847403
888.7566998590073
991.7249507996795
622.9664619066258
473.45413667945724
514.1163629836622
24.812708190176224
949.4412427211848
925.5524509755322
758.1957844844309
87.71339877652873
582.4333341822585
21.777993736414093
14.792077507085889
331.3316408735448
198.06003464923037
778.2147295364182
450.72382584548996
517.9140067357121
973.2505442621643
542.1420402928942
98.86381780561693
646.5595705017128
751.4215357227458
470.57355801330624
666.0632178219287
355.4373657214165
470.46299282304005
948.2273075660745
659.500858594405
955.3653231358711
753.2809815135062
468.4623301931211
616.2990191196793
43.922574983211724
215.61732745775564
239.14069141710746
439.74097092242135
237.56904587071503
914.3157299675463
540.5342690790443
366.80113709886996
523.221534346447
104.82831758164734
300.4056929585147
972.1566728453591
102.22966912983856
793.7765004230524
290.9592807697793
819.539671240949
799.5939689158644
737.6064982549485
373.2872612881316
510.813563274544
827.9904460074183
347.0231495024709
14.541973739126245
912.6267854308827
554.6908735988258
198.71532163998774
942.7620004225234
754.6457824630704
629.354673750422
257.46909593510867
365.0842646357961
933.5960698028533
537.7534882772858
602.0155567170791
609.1822299846713
498.14582257052365
402.41326887534615
477.5147736274954
387.07485910189774
927.4025116927439
405.45817598196896
223.95176370076186
59.84237984899521
291.91813336879835
646.3116628840662
243.3135619499567
365.43508281376324
814.8428088527323
369.79280285333994
734.0698732560536
958.9457085394117
394.11349590943587
389.64292863214723
79.93324056215323
128.5816378729472
840.3371475292348
765.5895241503135
864.6206233137098
101.16939649520829
216.18080303763242
512.2316272341386
535.7692882430999
723.107994569676
992.1414543774101
194.53108735774626
952.6066660757903
983.6102896565917
417.6454395351106
456.28250862626186
666.4172788013909
570.7582298582606
164.49335329549896
945.1435863514685
550.6214572069921
466.7521737109309
44.54226327952182
612.4535333709722
332.7894307201247
384.6140785015693
784.2628453318036
269.2459615498406
33.2562633080008
158.75550654638792
25.606602807493495
762.8481223766219
252.8461557656808
293.99230702293613
123.56737906632331
208.74503210542883
240.5159436255524
459.02705833397505
932.6987203880283
838.3276817890348
425.4566366161191
632.0599702397985
153.50414676674785
771.5143093218122
876.9147708907699
745.1407766063744
52.36156152740157
160.36297722283223
946.8427562516787
98.00552874241441
940.4985602344993
302.68741248724285
924.9465066445566
31.665652358019326
850.7807673604054
85.60901662734311
623.0779325175472
134.68919449758542
518.2278350400985
674.3446619288552
455.38517250529065
589.5921423216743
147.72715726023523
414.95515966557616
470.3105086185283
897.822275268152
580.0417399769906
300.9270641708238
482.0928198065595
199.05932464759667
951.6542715607266
414.26989657899804
789.2287049051571
312.01467054564904
986.0717474471948
377.6446021038904
370.67939662226445
567.7170304056667
296.602717650999
357.0653757994138
128.92357703087754
493.9689193658784
927.7708193249647
505.2170697865622
647.7156196258613
443.4825125922849
452.53355871608755
627.601645486166
276.8635155249833
822.5305505886755
310.13114036221344
564.0951533078653
642.7554779235177
44.04895167545742
37.04363010832379
360.13189089520813
192.21231250429716
699.4042142119755
362.58910717718175
50.06811993931548
724.8401191078354
956.3075384591777
279.7636205517313
377.4760952120775
988.4426614605964
760.3800420584706
596.4377340455177
148.09540039778057
937.2933115624055
335.1327635440242
457.8557806285174
576.2424023692998
608.54469089487
161.85184862911584
497.16397565516144
151.42281349299014
353.6679689076143
212.4506689656338
867.2342521967157
132.51809973539696
173.45162383669722
227.40770264931476
335.56415980288125
292.7557432826835
751.7052419139582
476.3334801459076
347.857701178893
56.19879533484462
280.8074430692847
384.7751379740958
933.9041626141071
660.2262294279308
852.0262054245867
883.2320710886196
757.6369113008841
358.207605086617
536.1865506412717
235.20777697533245
996.6150231067567
752.5716063517856
687.1017712424915
544.4623508521915
690.4180870468387
656.2804387707369
876.3152870485413
674.6469110286355
689.3168367489629
141.2411139873817
484.5911713817935
453.5091627774168
551.1446578445936
6.6692559830060505
349.4624842957887
788.3162754489914
643.6713333994941
849.0749292839366
620.2165713253554
634.6915585075369
279.18573846673735
958.5604575214076
478.22465927177103
341.28166941191506
919.7576841063978
30.02606179382894
611.1008358767557
929.7515577813199
825.3243760567714
667.9817516834385
44.702383404873316
340.7236774363736
699.3476763582776
947.0879727337539
759.7713775040138
512.7578897010031
211.88658795630644
716.7769314110913
560.4679096812138
852.2537209116209
213.13731423845383
682.9575078395994
744.7711104448549
592.9035218835412
737.6885869368862
355.105428607152
623.8773411296091
940.5673726537312
685.6845451554345
423.33409137964117
512.170773491812
280.23976522820783
198.05928230130277
191.05226231501481
976.2083459731844
335.71130330921164
172.67672810403977
337.0557179200316
506.89418362078584
136.30656739074797
891.9123764642519
5.652005071717481
172.89597399123892
543.5059687170315
449.84262065999627
213.17726727639152
657.5612450393527
513.3262427690792
761.3972389607524
817.0715224127904
545.0963157967005
193.147604206789
446.5549720138918
273.41246260034416
785.8866159581496
467.1874716412908
910.9146288978677
165.86354274687974
663.8702243356677
777.4216164067609
143.851610376432
551.9830779025867
649.7977314343096
472.412754544661
131.17072082022452
115.28632466288191
803.7941543135222
84.89214532926637
864.7045036717453
487.2787540184822
834.6486571393164
197.42835061095377
427.17034077798957
849.223061761498
635.0435686870233
434.84526590655526
444.07403013699985
1.305737256248496
144.57150596388658
262.51768823160205
236.1026256446236
477.9220061274947
379.24023013190447
551.7968528421875
643.4241073308541
867.2974526781554
718.7191176529515
657.0843834422574
136.51811313366423
494.7839312610102
174.3288000110057
489.76529796744404
834.3657341038222
92.92855055552118
708.3365521117698
548.1566240085045
433.6877539467479
260.2274825378501
865.666314732445
359.9486671590958
809.3251578255754
797.6000340412243
882.643790092458
6.315929631813821
366.8313243365039
542.7175040492072
291.42197083685306
595.3097250107076
621.7701451801686
627.0757056435178
395.7562190308299
770.1117313771667
471.09347335156093
282.2502138740535
777.7476167845149
667.3822557742544
966.4471580085053
801.9780455741669
700.5454294767342
219.32545456549568
410.6475142239718
492.9630674772669
883.9007059814446
379.93335869321254
75.37051072449496
915.9718330453848
20.225167481227157
851.4349697664762
539.0475269604306
157.82047803058074
218.49802066360013
145.4855121012739
525.2842576151494
336.6172981069886
55.23517318107374
164.04514292229823
32.03386499973648
820.8568476359509
679.1582091299762
33.25693854536993
692.417543377127
358.3574895851648
992.5309793869837
868.2661704378586
95.16243544200664
871.7267431591488
89.0411982002497
215.01782429522586
127.82634468312682
155.81354560736372
497.940699851131
633.2193044367453
18.903158162222876
730.3124183992902
874.353802213308
237.23517279769612
191.97726418393236
416.99573505347877
14.172239521153207
292.3485159187073
260.9474285938306
355.3303803098867
377.22586417762847
445.00725688205847
887.7522397292954
292.75543457956434
795.0801483171249
812.4289413518853
866.734617231649
860.0858978885962
561.8907861381392
964.6475282347071
423.0832249616521
932.1585352187949
539.281300424704
876.5941744134365
111.4473342596496
592.2352553004652
118.53204477232404
901.4659874489271
186.67630011498971
828.7377727019249
356.36010720849765
341.57019020260793
597.4963243561212
866.8320019727832
683.6826094364463
479.46506535296163
890.8077484504122
300.09753360375925
461.348769971945
311.29227076531794
449.04811905500605
286.3271966803491
988.1539595640529
66.27851638043968
841.9168920792065
404.37606183443154
355.12314787262153
289.2817607711372
52.44912942970225
305.5958307057137
119.69931529028554
614.4728537309626
672.8886682588599
547.9039744080411
754.9314203460231
71.07481881999055
49.99047684596658
487.1369361057826
683.0353198385554
533.0201797969136
402.97120393383415
552.483042589971
26.86971224979795
957.4924770283825
690.5319567263709
955.9029565114654
178.97138171974015
313.14987717433127
232.17573289237802
694.1388130347561
943.778987426011
49.96507531393269
624.1197431973363
842.8821242357725
928.7369625942875
940.0552818199845
231.09682146771038
857.6698833934273
421.5532006653575
250.08481239539248
953.652305983379
872.4321010407289
478.98051527869853
86.74148641223478
470.91462029972706
878.125588487524
291.63020191635457
565.5394091065374
742.1069782314884
284.63558155189094
78.32673655233502
939.3633347168604
588.3871835954893
868.6542294037653
97.66563708242326
497.6845530769477
486.0184897244616
496.4597571465048
650.4347428776712
216.60780327283524
715.3067077244923
187.61797657640534
614.1162412154073
46.85095113309667
845.8460161912158
108.0817674849912
904.9382492825877
234.6901256020766
460.30634314841035
280.03766097214555
360.347176185804
360.8275726781025
141.4383470113948
853.6103370003661
201.70016688984305
806.3308993326248
866.3662012356376
618.4751526684697
767.4979770348627
135.91726417540485
606.1393903554723
930.0539504587435
498.0356938398759
797.7408730661865
429.482851998934
648.0036056556447
545.8737296079507
467.27600245302926
969.0554848906592
903.8930473849467
618.2943263207185
291.1159218523315
321.7902901540543
284.2812273476385
60.0830520876412
95.17562488125142
374.8323822461576
392.89039186260845
220.84575250687698
716.9014333503372
303.14145443585807
776.8083074564232
764.0822044152437
317.10293573080895
442.0559778135494
673.1782806089442
974.9216134867057
81.59366264513102
310.1097718623
948.2800425665006
64.33479878073723
682.319264153955
765.9829858094907
143.6089156469099
98.67892379827626
396.32706153825757
996.6871153056277
185.2135668435111
322.73041750353184
300.173528092279
137.17874739376845
941.17783658587
831.1854318508521
492.00669081307325
178.16638556451414
746.1256965281822
509.18234991989374
555.1992664415639
382.70968776869574
990.6156457100614
878.3759924582788
500.8568753320478
106.22745553390666
979.7598985670688
15.798677204221011
596.2809381028242
159.3189356108927
534.3671580254876
458.2885582538807
331.3461063540262
566.4776243005804
511.84564425753985
983.3389031639285
723.2095988889879
196.2395878296611
581.5676925883741
725.7752639128705
178.04965732946144
660.1824413953224
353.69813516689686
536.196443871714
311.84201082947305
662.7584917692591
139.803821139151
521.5890285443126
977.2602705141376
558.462315188802
837.5662333363049
604.647865420091
215.63527735031874
299.0672771423708
433.6533836161601
500.5209114573282
834.2172611737032
560.3250315087271
407.20653460119615
65.91699919648252
750.7606142618694
775.3283155983418
313.191716563786
561.704917620622
586.1019540333463
647.7858238270745
914.1775783943066
778.2160018697041
604.5187008526298
634.2721761534134
636.0205749195952
377.9975714515138
640.3554151536039
128.69926756139927
220.0920926543102
805.0711847671762
694.4720062635009
273.12526047538364
783.7779739006305
11.868507397319373
766.35430736558
103.18913607648916
551.6664481770867
617.2943421071409
628.1260543039517
136.50075696816742
791.5240432073002
684.2950030691846
616.2040315955065
484.2254962946576
544.9291564666593
714.5705928401082
183.38108817082087
987.2573811489965
604.3475554168249
217.36096067021694
974.482969310558
564.3274133996495
821.7372947321874
55.723929387456074
731.0224674503893
56.88822830553475
743.3782705553855
117.34706767996994
828.1729544580268
551.4727743721564
742.8571522695742
641.0050104103099
746.3517215062714
643.8637834216483
533.4826039111487
327.20852677801884
622.5455695208602
175.29564800110165
424.19934997459774
176.45546098444552
811.5579894626723
116.40086561211649
549.7765702404806
411.9304231866261
368.40651217592034
620.7003307165145
524.5129584434128
620.3425243232148
448.6261498913405
72.99498936467886
293.53625002195025
163.21225177127553
872.6723838978714
946.9210268915296
802.6203451743862
261.1325773768621
135.07808715348614
508.27284765742075
152.9602701318217
668.9499468383758
250.08964486246578
164.4335250205303
446.1254603193498
961.8605077433086
898.0135524037695
962.1439369204094
222.99886082647845
643.3978823284735
896.7312235134613
763.9849619392436
479.39199418848966
524.9090736395077
533.5800382858928
506.88922654155886
698.4771417757755
965.9493171401119
100.05445260657453
771.8785920946391
783.1156589526804
740.1933684361162
414.67536045066566
25.371744939012174
397.6669743035363
610.6283446637082
878.4585286869435
577.331767120183
712.2270256468603
602.8189345708265
676.2361690066494
688.2395832746644
557.8513899035959
422.5308468579142
787.504600794558
298.1807451649237
481.8541637440609
95.4039442709459
739.8173474608739
79.02231883001821
567.6489539001359
299.6363495366756
342.8284923933672
856.9738964010426
65.38961387538711
695.4996103448887
559.5036014311773
164.7652814810141
733.0533722578909
147.6194001638079
693.9592582960648
156.70039642990287
186.45198786228457
968.6096965897843
31.23676192242697
428.2949835029262
441.9517658260851
34.239338872505854
119.70970849250718
756.6667412189246
613.566132396774
396.637792658884
53.77648531101609
50.542783061886084
874.1397369479741
330.0856198256231
722.7997681144778
514.5586382278647
442.81092903308286
492.31968301147964
204.83491986679658
262.2422891280517
932.7738732313917
146.51672589573673
771.8745995226975
900.9533827244887
853.2884760453767
298.2516370864946
947.269613429956
304.4672643658629
761.3363032451707
558.0061898690377
976.6979030540806
220.86369705317776
852.3010388057237
528.930735105216
266.69871427120506
135.24702686069458
512.0496832397735
679.3465411712252
20.606935092834068
32.80510763055888
963.641477295579
673.2496825385236
822.5053743090103
801.5001931583979
85.10826159315144
911.9618812916145
535.7951533237143
172.35182308300645
574.4344983418024
642.3252871889301
97.07550212565819
708.1483123421914
362.82129546584565
901.5172083333817
90.07247750475145
836.5793531766634
199.74150537378142
326.22171791939536
407.2168115107424
459.4235669800948
344.66827869826835
348.56049156548244
42.88615259296491
983.2051464251803
353.9155157216739
561.869256588593
770.8858284236347
197.04928733017823
933.0359289368707
629.8272634831997
308.78147141943356
67.65793504451901
973.9405351761352
567.1971952095236
732.8724849863073
631.8385844245008
567.8323187254862
745.5877660408495
221.26966400260173
755.0737440245407
342.306109148372
818.6823784592925
314.8305723075566
671.1787661279058
695.8474904760583
526.4829021783144
940.3156846950832
268.4252376691777
508.72066317908
186.19173289070002
939.4528478294352
206.61923700940832
257.2891220823664
243.4744256106113
86.6307143048196
740.5110349737948
739.9917695233995
17.450778783866248
354.85119513541406
106.51078659023361
573.2957713763521
874.4442448171828
207.87790858717602
181.98925088868546
659.3632286318239
625.2540481679828
317.1645599172958
715.2263799574625
574.5814078403253
71.89410662304196
749.0222974058131
489.62243278476956
1.6364793381313802
7.738906352637964
804.7641717087729
585.5463775029137
716.0265966918075
21.300917825641807
5.337849437461628
526.7108460821519
832.024940541676
425.76767306301633
688.158836289091
119.76671643514646
769.0818577743312
566.2222310601751
333.5365680072202
726.9184927008422
73.9114102511933
279.21177669735084
37.41243043933895
499.2035856138309
926.0794415810649
484.25827528261675
984.1085286047349
774.0398270426547
333.6046693358949
973.6819621269077
425.34650775399007
938.9861529654476
853.4456402998352
613.9154929174151
884.5420524710729
520.4425888256405
958.451558373963
894.9989166429659
572.1250167421332
298.6890910574983
591.770295119623
675.714183820913
311.2942954904336
633.2603982588256
450.8044723149067
114.65878519242601
164.89988307108683
786.752221901662
349.6221085693276
134.7456065243685
426.119914468296
116.79920316215575
453.02383314067885
953.9212783783329
164.010420262638
494.48020241579405
996.2586226580291
680.9239656470978
799.4873250280937
418.30600578648
207.34761487718623
373.56125170131816
807.8257902945942
10.705125474559374
58.87159332943737
952.0157549713838
365.48903238228
332.71765301853804
200.60434411448813
397.41383043215495
497.66589369881507
918.1283105291914
254.52285518003526
16.693439852675684
230.67279271109786
483.06415829147596
105.2696414163018
668.5665295302649
564.2953278066242
794.7298895985878
810.522482163558
766.5663387030222
80.41479884788238
681.4026310327323
300.74665054577366
664.6422780009354
139.7148606533438
496.09610004408654
962.8338531271829
387.01977637200235
346.61916503639577
518.1930813859813
954.0131337159822
450.13088955920114
293.6689006527747
339.78152372830914
500.50747707030985
660.4438561424465
239.01027447993562
979.2601627409107
231.55341944413055
576.0468034780439
859.9233873066433
508.39404532117004
132.3506385625224
887.2712701458157
333.17515193279644
901.8413200275673
85.44271993352592
834.6696410261911
889.8008605076883
894.1800450889267
548.5560636278404
342.97436191437305
440.9759756187319
636.6758997682575
114.7969965506177
481.5568581658817
103.60698200491558
460.70152879667256
432.923139416826
0.10964966820370403
186.6686861711243
314.0832604018011
743.6136031629945
590.6276412620632
161.48855963194552
617.9350171679355
97.50873493772528
464.6024309681483
977.361195799375
282.4071706309954
742.9188239271185
14.445457870010614
673.9788474318349
643.0096152492474
172.5023627521616
400.19264854667836
135.27338132079825
644.2343047019363
625.2821337306743
548.5009839279495
841.2526614550866
850.8487583995183
751.1156744621121
882.6011518725826
547.9804825043694
354.4321865804901
156.39455666430803
700.9080394605882
264.85556647503796
925.8816711528517
830.04527881971
443.26023501266076
703.0285515057315
563.0529349817773
263.6197596904912
616.5311648251213
115.47830052499953
355.76876541688074
999.2267106820638
480.17047967846895
578.4430148885407
601.363673891816
611.6712245949628
131.95428788442499
610.1129929970236
826.8292965076745
850.733793980911
410.9880526181993
13.554552731623426
128.31240373611473
128.3572023676164
687.667134055771
14.81405113360923
494.43188059147667
224.567991104052
384.62167721711313
918.3026775071717
820.6535056849926
734.3849124715358
949.9592511416171
145.22291772972696
345.909283961501
30.947480631998147
59.53816415324409
520.7015217158987
150.32616415343892
769.0309198069219
545.4745006863249
644.3662813380882
622.493842888126
177.6050688925992
777.2786506964533
365.3785299713934
754.2518080481568
756.9933712911713
441.2560978827373
383.3113983919456
76.79231894428939
997.802426277934
679.5735821993819
18.821332382944366
269.8569300855088
628.0479938094861
509.4265346595306
563.885550692973
62.05872514929378
510.2000219049099
320.0203694572313
213.17518334810703
410.88089037514584
149.08355360487212
472.61404903452876
385.49336474044196
559.8901756036295
796.164699641835
87.65587473492131
514.7266100545443
625.5269300693527
705.5580379377828
855.1135271807823
371.71127607829357
962.7949143818576
982.8544703858934
547.5536871143344
863.3139502696024
680.9822039126686
907.5857810192216
798.3279690503584
653.9780665638928
912.9596435598016
55.77517270030885
711.7936587214907
64.76178664511822
98.42671520171619
750.9545448387819
888.9669591594924
95.30512046642514
66.50115152576419
295.0636428876396
689.1005813683461
821.9485818900489
980.9062262173467
799.0268892948594
143.40533163796877
849.7121856305463
702.6130363283544
124.9504034420782
609.7490255742382
999.8750135522727
495.2642395265764
913.1306377334191
54.21201360700356
360.6571439977221
455.6178728052671
214.9726808356266
89.52488198081276
653.083479756395
771.1256178656309
966.0481491751583
932.3256834833284
293.749414446015
220.4212087674975
777.3610115813407
64.3405901161842
672.9339634270533
167.4054833157419
794.888371722696
227.82094198776625
649.9250393382923
401.4520089498983
732.8371189597177
369.8001623094209
263.64194100325454
472.70213140429996
518.4731334077635
797.0330280480647
753.5608496467491
438.03327009952255
495.081471882021
146.92925601854455
264.45176238911836
448.2767429111538
599.9249749227254
419.1260138107271
721.9342583999104
629.7992191564273
189.55510090482164
182.08518149430185
51.61279521552664
122.90338414563607
971.263121356536
930.6350617282301
676.9334520875898
797.522291307672
815.5476388444938
169.1118657065438
736.5516905492987
102.00331291063979
453.69657274524934
826.280642566478
931.2869175250593
618.7404711361187
476.03994352667
783.3766253707306
762.6042547355678
892.3807053119992
462.7890630560918
886.3744763796903
259.21743514488236
991.3541964618178
597.744024937646
205.2405768416332
835.8332375105019
453.3932015773121
120.27114988160892
205.11302766362405
836.9991376475037
280.3933431744544
768.2645500660379
270.2605484331212
333.8861368230699
919.7187171921319
411.0341959396634
904.7019364802997
354.1146182932302
516.2085595873501
734.34909928389
654.7306921230622
449.80096312668627
759.0807559116182
483.2539724345467
707.44070115305
246.1147594091474
139.31189980020875
509.98152498630424
155.695929621108
991.7850449815924
550.051992681651
522.1537921688192
322.7632133280414
309.895951092818
905.0292175964139
85.31114156792607
101.43278157470859
16.69725082970197
355.04154656828257
427.18910807916654
272.9486956071585
471.3031535951303
766.5953498653424
411.04460785260164
285.48074683090965
807.5160431643842
680.2725979248479
852.6172286282655
889.1902544331323
268.6621522914453
688.4415661141416
242.4425123952023
390.01562978247006
605.0528587372689
947.5323709270227
217.9375249349168
578.4712684926963
189.4236725718075
42.99860645610065
478.4466328554443
698.8967339124397
908.333068721251
20.70259628795368
287.7886286471121
380.3246174659326
171.46173860819124
7.937847378127416
7.566994081765532
711.8049393578605
129.16454140612788
274.28491154980304
477.1120592809339
800.60376333824
967.8885778154507
706.6662632517298
825.8244244634142
633.2032289979855
334.6815236272419
60.470708416798026
327.98080649014196
506.6909420359319
262.4126770902557
474.0423225406414
353.3543696271342
620.0973435911474
274.6885653940586
929.0636186866714
124.32640028501329
299.009383484023
329.2387702448565
465.91657916671835
13.104306809326172
305.7606615952401
487.9087674060173
877.8168902200775
876.8498584722943
97.23617538921391
309.2003890958196
180.31291262082084
359.40260314427405
716.4193366317597
832.9816538462399
359.7411465564515
969.5674017301083
628.8265093036
107.37902001780452
823.4930207742436
508.8933725388136
582.4942506258471
582.8860363082358
406.5756047577537
617.4947531013637
815.606480583266
928.7072472897986
596.4501517022397
722.5646222766184
339.80728702140607
232.80422034011815
907.9275686468546
312.2678103059947
879.5289692757271
713.2376928571954
740.7762193707262
38.47698496905494
844.770069267653
876.8870254388013
800.5798924546607
