   841.06518068440801     
   110535.04702343213     
   110535.04814894676     
  -248160.26318599412     
   248160.28180526794     
  -26361.788488705548     
   26361.809956335135     
  -45338.942439281731     
   45338.944550133456     
   2348.9479655895457     
   289.35853549759406     
  -423664.96148678055     
   380.51250106261716     
  -194.75854550162762     
   2312.5280894710841     
   326.91628154473165     
  -216085.94519005681     
   216085.96452909760     
  -120882.10643440565     
   120882.11473022567     
  -89475.072645507767     
   89475.087048855145     
   2455.6760501952576     
   318.97425053450860     
  -442206.60780885129     
   491.81299334278617     
  -500.72236815980449     
  -930.31519960348032     
   556.75462727489094     
   86789.125902175350     
   231.46045703363649     
  -203.55815445265691     
  -1977.3293251304069     
   477.21287762199665     
  -70065.689914173185     
  -797.39055718319605     
   424.77131783163156     
   47386.936565437252     
   353320.20839019248     
   353320.20400643977     
  -430897.91941935889     
   430897.93739268283     
  -276192.49602036970     
   276192.51588833873     
  -317004.01104807958     
   317004.03106168087     
   237859.20241906878     
   237859.18528815167     
   218576.62220133707     
   218576.61553398622     
   2126.5201432291392     
  -143.78951397522457     
  -444862.40569551452     
   170920.49686584319     
   170920.48714142086     
  -197389.13444354461     
   197389.14521268272     
  -132943.49648257939     
   132943.50177909518     
  -183324.13213844958     
   183324.13376438041     
   124976.35760460603     
   124976.34291486317     
   155911.62345238408     
   155911.61835481867     
   377.06479039594620     
  -171.36642265605587     
   30011.776145154505     
  -214709.02981250521     
   214709.04449685040     
  -55361.700186236398     
   55361.704868398330     
  -56552.971771800527     
   56552.989720283549     
   78064.471675392298     
   78064.462684142229     
   1835.6583430565618     
   231.31787100254053     
  -105965.79395932367     
   177.98778285824488     
  -468.49191810680207     
   1294.3009113285991     
  -1856.1526330923516     
  -408.06575928251380     
  -65132.619895288371     
   954.31652846221641     
  -103.36310604136423     
  -1144.6125746224011     
   1018.3144161633268     
  -25942.366946530168     
  -1048.0682387038398     
  -167.54885936489040     
  -70041.460062129976     
  -204.32194894939514     
   54.644442823810621     
  -6171.2744490399091     
   274945.57949738018     
   274945.56532205339     
  -292622.98389831657     
   292623.00112848257     
  -295527.26358362252     
   295527.26947194943     
  -247014.11225872938     
   247014.13144031449     
   297016.90922265756     
   297016.90431411745     
   255940.46213716068     
   255940.46230487686     
   1101.3792939292439     
   1037.3738906974029     
  -366272.62496737496     
   240506.87767572800     
   240506.87330026194     
  -239088.62181179354     
   239088.62847462611     
  -119605.96864533212     
   119605.98871653099     
  -171651.18174114730     
   171651.19087789752     
   131728.10226330484     
   131728.09092757551     
   79976.974271724539     
   79976.973869782145     
   1254.0163668291723     
  -1178.6856396615206     
  -82117.482215317272     
   197641.72615237831     
   197641.71059574271     
  -334328.92331389757     
   334328.93117001845     
  -175891.88570606810     
   175891.88804462081     
  -212826.59640625422     
   212826.61635265520     
   173514.03441820285     
   173514.02869668984     
   172960.36051786534     
   172960.35980110877     
   817.77011483874969     
   1014.9124322677430     
  -98642.474701412793     
  -216608.35404856113     
   216608.36061781252     
  -119131.06619391832     
   119131.08323936169     
  -41572.848128467398     
   41572.856645663669     
   38941.239640653417     
   38941.240078670075     
   1340.9896412936771     
  -495.51353746569509     
  -100944.61071187959     
   304.59096791887401     
  -355.29258121097888     
  -1412.4528123862947     
  -66.115626666396679     
  -10989.808019558208     
   508.92741425472821     
  -184.96726227844019     
  -1289.6348926992475     
  -455.01967673982131     
   54285.180025863010     
  -1501.1714737780919     
  -139.67327500030240     
  -182077.13733346330     
  -596.49505417362172     
  -332.36303796033849     
  -7740.0226458672496     
  -929.97322351854677     
   408.08861939499235     
  -29115.964718946645     
   257604.94924897159     
   257604.94696181477     
  -120527.49564638411     
   120527.50615880144     
  -142119.33168819131     
   142119.33713456747     
  -130354.90070970962     
   130354.91566258212     
   138963.68956994684     
   138963.67460632723     
   188647.38399881747     
   188647.36809496483     
   1477.6770978256993     
   509.00467844102388     
  -102529.23476884855     
   331982.65206721873     
   331982.63999103807     
  -209852.48066816392     
   209852.49015962973     
  -201690.96268593191     
   201690.97247747233     
  -215751.13307157156     
   215751.13520106493     
   263256.60927638179     
   263256.60347724927     
   211022.67384755446     
   211022.67188802903     
   937.64974104748887     
   86.906982065203010     
   36403.544915240847     
   352674.99085625517     
   352674.97405023617     
  -273820.19490092952     
   273820.20609785459     
  -188149.60735066974     
   188149.60949696210     
  -199361.58622492949     
   199361.59411850240     
   207664.32276323560     
   207664.32319067055     
   169836.46007749109     
   169836.45474072505     
   752.71532628566524     
   609.16562773016369     
   153255.25544056849     
   210513.77954006015     
   210513.77988538684     
  -340909.17926903663     
   340909.19510516495     
  -230947.15372393603     
   230947.16823043500     
  -211674.39607191237     
   211674.41163194337     
   193573.53534786403     
   193573.53424983332     
   269273.49812432652     
   269273.49166763778     
   1751.6588382986197     
  -537.46715676705833     
  -212610.95036571429     
  -113582.03538109768     
   113582.05065926831     
  -75813.347710796414     
   75813.359950901679     
   113577.09612163622     
   113577.09466854615     
   1137.3509402810926     
   957.40011209476802     
  -237478.89525681085     
   268.72692646227881     
   553.90687149593600     
   2720.8861781515116     
  -2201.7183663186270     
   200.60799688271300     
   30231.366935893482     
   427.90529626444419     
  -644.12213277942658     
  -1103.4900900526616     
  -327.60954151733870     
   106672.79088856507     
  -1122.0442158300696     
   11.697397334812365     
  -8713.6613726728465     
  -1571.9757703789601     
  -265.46607309493163     
   57252.430310543619     
  -1181.5656633167760     
  -248.29579704712580     
  -88142.178779858965     
   73585.902201939491     
   73585.893840992372     
  -260473.01239092564     
   260473.02284261046     
  -128408.42907553719     
   128408.43292342869     
  -120946.84573589914     
   120946.85919939376     
   76260.817073614744     
   76260.798987333168     
   86911.409064285064     
   86911.391574056499     
   1864.7917258364928     
   696.75591935643922     
   137944.68189997680     
   152541.86056057474     
   152541.85714655492     
  -191597.24222394274     
   191597.25862043694     
  -61545.607841489313     
   61545.623811027981     
  -139357.99553918163     
   139358.00597935711     
   97830.118699667844     
   97830.112565987292     
   84228.580656411257     
   84228.573325614154     
   1829.6496647253120     
  -302.57001652772328     
  -216430.72457412342     
   261551.16947180557     
   261551.16975933776     
  -259984.13920845138     
   259984.14662308065     
  -185762.24939159531     
   185762.26195958169     
  -123623.85230070693     
   123623.86277546088     
   147983.07482225407     
   147983.07047303600     
   137127.84600392834     
   137127.83615787211     
   1111.1217599675113     
  -111.47190496768008     
  -175814.33137347299     
   243729.90490187696     
   243729.89875327708     
  -253170.36752167653     
   253170.36996964092     
  -153351.21183136856     
   153351.22782759817     
  -225821.39908304351     
   225821.40916292608     
   177781.14009522460     
   177781.12487290011     
   198845.04191380634     
   198845.03531742096     
   1093.4147524684959     
  -163.13328512987113     
  -82738.246812079567     
  -133178.37537247813     
   133178.38075517883     
  -95274.491919455322     
   95274.507556716999     
   140325.10500857208     
   140325.10641784966     
  -106.93331234280764     
   487.41179814824324     
  -284848.86953360419     
   54.121198510974736     
   858.34318284941253     
  -747.69408576250271     
  -137.41952637558563     
  -22659.751706904135     
   833.77655977049415     
  -209.21208399866131     
  -940.05892204214058     
  -369.20818243706435     
  -3021.2963674584071     
  -1448.3390470107777     
  -259.16975494597193     
  -30486.733471248430     
  -1605.1006495835798     
   437.75881320129213     
   12359.423152329711     
  -2017.6311367052949     
   291.28176551338430     
  -17200.827132490547     
   378435.65329258319     
   378435.64231106173     
  -343937.69720306882     
   343937.71611816983     
  -300546.46714498190     
   300546.48221667885     
  -269645.99283552106     
   269646.00992631633     
   306290.56156151468     
   306290.55524759227     
   314423.44560808415     
   314423.43759713054     
   2061.4888518711832     
   697.44356136885790     
  -310043.75952078740     
   298431.67717709288     
   298431.67092662479     
  -338243.34205817466     
   338243.34553733509     
  -202329.81900198199     
   202329.83642649354     
  -224322.59735631663     
   224322.61047730088     
   238451.83610121626     
   238451.83273649361     
   160748.00220576610     
   160747.98714747446     
   984.05615568868870     
   12.319948944006001     
  -85362.097546835939     
   251575.67616173299     
   251575.66041397071     
  -327897.21419544017     
   327897.23279545933     
  -216657.75915606096     
   216657.77380007258     
  -203234.18675182638     
   203234.20021706505     
   161847.94656816917     
   161847.94555689557     
   224712.94416346482     
   224712.93906188733     
   1812.9521568878829     
   526.76802885576842     
  -198599.47575201676     
   143463.28418861068     
   143463.28061974529     
  -148415.47127244444     
   148415.48668956727     
  -189919.06342983083     
   189919.07975779782     
  -171175.90181058139     
   171175.91614661503     
   177737.19043145218     
   177737.17309610810     
   103845.09512592449     
   103845.08604990927     
   2710.2746148496662     
  -916.48916158401198     
   31811.056347550562     
  -78324.643774422919     
   78324.649678026763     
  -135700.22690142860     
   135700.24325167027     
   50852.173871660947     
   50852.157043492603     
   826.87577256564782     
   568.45001055480850     
  -18699.768791973376     
  -338.96784079280758     
   668.27891382379380     
  -1797.8531391258473     
   117.91350778014669     
   18479.093935332661     
   503.98877765915563     
  -71.441027514701162     
  -1494.9037643530000     
  -264.78882845543666     
  -46447.771453629066     
  -1507.0781536310587     
  -186.35249339061392     
  -70978.200876912495     
  -1887.7489288203146     
   232.33984134524593     
  -23923.091307562550     
  -1806.4752663910247     
  -173.56033334266999     
  -59769.215551133020     
   303171.97727578500     
   303171.96590008901     
  -165885.59717536045     
   165885.59814524453     
  -209545.96047856993     
   209545.97396348297     
  -203813.44478807441     
   203813.45497765596     
   162463.14830170380     
   162463.12898248207     
   191866.61265451193     
   191866.60098755296     
   1123.3431298470673     
   195.86266154051532     
   44188.400861177783     
   366944.15219632501     
   366944.15194567549     
  -273034.17639275873     
   273034.18504597008     
  -278643.08409202070     
   278643.09883821133     
  -279038.51613229082     
   279038.53508693195     
   262696.99639736430     
   262696.99359302787     
   240608.86537925963     
   240608.85444904765     
   1896.4326095529132     
  -41.225447232517524     
  -110583.75904471673     
   225687.34665131135     
   225687.34328745713     
  -280297.42271011980     
   280297.42471440160     
  -170571.34559037635     
   170571.35043475876     
  -269497.83431069856     
   269497.84669614688     
   230359.58975598527     
   230359.58678216487     
   243082.11030434878     
   243082.10257513841     
   100.91236972291790     
   587.62086317551177     
  -167036.36825513403     
   84232.469362571923     
   84232.453162969730     
  -137930.01607775677     
   137930.03587217885     
  -50921.318665201099     
   50921.323043063989     
  -47901.726856706024     
   47901.733483606578     
   120810.84258923141     
   120810.82878773910     
   140292.42356506590     
   140292.41067505011     
   1511.2618082141096     
   670.52526096247470     
   72206.171812201763     
  -40216.569615104861     
   40216.581336455514     
   129135.61980322431     
   129135.61451599858     
   140.59423145473497     
   35.261198960279103     
   100693.69300804153     
  -370.86004294509917     
   215.93490860808799     
  -515.16636309316777     
  -243.08210679939873     
  -38345.280542670298     
   874.46762097760029     
  -734.75277520387999     
  -1721.9579243529583     
  -771.31236678289690     
  -72110.379371427145     
  -1397.3105116760607     
   429.21887469097658     
  -51403.281106509785     
  -931.14439125978151     
  -549.59976587662140     
   38523.820455542300     
  -927.40750327950275     
  -720.23146834778663     
  -2501.1990846292997     
   136083.31409653285     
   136083.30167713476     
  -142424.34980083327     
   142424.35758862650     
  -121258.32910008263     
   121258.34458208713     
  -112006.51121402874     
   112006.53121197820     
   144085.86458029097     
   144085.86297313115     
   150374.68922831112     
   150374.67328753526     
   2218.1099251080059     
   1374.5594058793411     
  -95439.146067024383     
   186110.98245414172     
   186110.97903357330     
  -216598.36117319620     
   216598.37890767158     
  -122962.28000285388     
   122962.28539448550     
  -152756.68949782490     
   152756.69977687934     
   181033.46717199852     
   181033.46847172180     
   181179.90539827163     
   181179.90433504304     
   1031.3916302882897     
  -109.96141487222951     
  -197634.64444141238     
   192905.07405420643     
   192905.07451953401     
  -242372.49413941777     
   242372.49795877846     
  -142652.42486766257     
   142652.42895820268     
  -140001.26572881103     
   140001.26814306877     
   198705.46938479654     
   198705.45639886122     
   98680.060732491984     
   98680.047596266100     
   1262.3372092730888     
  -163.98162697877569     
   292252.44534611056     
  -133088.76311546122     
   133088.78189729201     
   88200.853143150889     
   88200.852895989694     
   91273.624277706520     
   91273.611599231546     
  -825.46941325534840     
   910.18107303607803     
  -213873.55168955156     
  -556.73995916986519     
   309.53796220937863     
   1048.1992304824016     
  -1653.7977497521633     
  -71.404878659392011     
  -11980.507249479770     
   582.05519361731604     
  -673.18698245943347     
  -1608.6061501660308     
   281.29456326932814     
  -19415.938253944474     
  -393.47756049189684     
   268.95266476017702     
   601.16250529570743     
  -897.85789469570534     
  -734.55077980046406     
  -78897.455187480271     
   222836.95497118420     
   222836.94852812559     
  -252814.48448218842     
   252814.49726981999     
  -103089.46127957039     
   103089.47603045171     
  -137954.65895121417     
   137954.66923622851     
   149225.21423030610     
   149225.19819033192     
   158978.41920458857     
   158978.41197152151     
   1993.2090765723256     
  -40.388765487657679     
  -100050.23787039214     
   272754.84944970673     
   272754.83201767021     
  -325279.72110593307     
   325279.72226407781     
  -224033.13916334382     
   224033.14261987188     
  -140759.74839873624     
   140759.76812334452     
   197666.16548031970     
   197666.15366179997     
   169286.91708291415     
   169286.91770603872     
   363.47971281085626     
   649.19875249584049     
   7586.6826860823994     
  -231166.24689488986     
   231166.25665938179     
   176431.96453841848     
   176431.96073153953     
   178705.41020183824     
   178705.40528317256     
   143.11970648769179     
  -525.20325403887375     
   196047.01370336831     
  -504.46266366442944     
   815.92849803849322     
  -1183.3183081415448     
  -263.63412105722938     
  -41496.540328089744     
   481.15783493044228     
  -711.81286887528574     
  -1483.7118248962531     
  -398.90160053279851     
  -113181.34010644257     
  -568.94037913335228     
  -385.96257267623872     
  -32328.812615229934     
   355762.36958354455     
   355762.36447186861     
   204320.83643900862     
   204320.83545894048     
   169887.20963059919     
   169887.20119017715     
  -916.18644008610181     
   21.587329374045225     
   45409.109443959387     
  -1660.9839220030590     
   595.85759313045367     
   1629.9776772719404     
   997.21983990268620     
   199421.00222326932     
   199421.00058393652     
   281936.50918802177     
   281936.50517162704     
  -341.58700934295274     
  -159.70456656751787     
   134222.45849116292     
  -1678.3816614253044     
