   0.0000000000000000     
   192658.56287097902     
   192658.56137420164     
  -147700.13298570825     
   147700.14075250737     
  -61082.908177261241     
   61082.923171058865     
  -26365.608431015546     
   26365.610164009518     
   846.73371207923617     
   605.29616656833855     
  -202619.20676850193     
  -786.03707348846331     
  -706.81511063824871     
   1688.4578999995224     
   844.94650461314200     
  -237127.89680197288     
   237127.91302081861     
  -195370.41319804679     
   195370.41834401709     
  -240307.11252515647     
   240307.11402103279     
   1714.0851199639787     
  -8.9827295153592388     
  -202975.81512699605     
  -679.65634597778796     
  -124.06347177200563     
  -800.71153892953134     
  -5.0848424666684338     
  -1501.3664858843827     
   230.77792433094234     
  -491.74590344231348     
  -1142.4418677932558     
   440.79563242322666     
   15944.690694920664     
  -951.29894118874824     
   682.01628922045415     
   100164.03519332546     
   192435.01331389195     
   192434.99761434781     
  -362584.29655801062     
   362584.29856534058     
  -202540.48669438690     
   202540.49190838466     
  -226383.15816835675     
   226383.16706746194     
   162871.72953489420     
   162871.72974094856     
   198117.21869959112     
   198117.21092886856     
   523.11248440888346     
   1164.8295025941038     
   89971.774610385066     
   130105.32549896429     
   130105.32313403531     
  -49743.339634527460     
   49743.350157160785     
  -151507.46118831594     
   151507.46756826487     
  -108568.43907853527     
   108568.45922096123     
   103695.49157793552     
   103695.48297418053     
   58784.810077635630     
   58784.807136489879     
   1041.4428765310295     
  -401.54835967467005     
  -167279.76650236791     
  -190284.03806335136     
   190284.05307089188     
  -174549.48392456735     
   174549.49191322480     
  -188712.21536216934     
   188712.22543602603     
   96066.573602666758     
   96066.555346456429     
   1679.0255403326123     
   277.32166813801490     
  -103717.13753346154     
   781.03480589679452     
  -380.35455583398129     
   792.25164551816601     
  -1894.9371956397631     
   406.09799076377089     
   62023.720579223824     
   817.16067454082042     
  -241.57010326477112     
  -1759.1038091319651     
  -586.73584694715009     
   17238.319999938161     
  -1118.1304512295771     
   174.30349023329813     
   7361.7856959811170     
  -1619.3302837250362     
   222.84103037030820     
   168795.82970874259     
   220771.20664799286     
   220771.19736683430     
  -309510.29945672787     
   309510.31378443295     
  -276311.68317037862     
   276311.70317007147     
  -215801.81944183933     
   215801.83502699231     
   292006.08554800926     
   292006.06779155054     
   268429.34330595250     
   268429.32944862224     
   2972.6783518788234     
   230.46515632469197     
  -49779.291189650357     
   108405.87372467385     
   108405.86468259261     
  -180757.99239475862     
   180757.99309477679     
  -38411.646810800798     
   38411.649391960229     
  -77932.129394547068     
   77932.130996290201     
   70369.715110359801     
   70369.704174894447     
   113308.80077446625     
   113308.79799808662     
   194.62560970423038     
  -388.48129209929385     
   237140.61705530190     
   329193.12218625529     
   329193.10328545037     
  -287707.26681575796     
   287707.26915142813     
  -137600.88750784786     
   137600.89928266284     
  -133141.56825912499     
   133141.58418604539     
   206874.02242036286     
   206874.01064377761     
   192305.23001292636     
   192305.21122081636     
   1491.6430644224163     
   850.92885680274242     
   231772.00615372355     
  -231014.12961994595     
   231014.15010252187     
  -253663.67111842911     
   253663.67891145841     
  -248339.66777874372     
   248339.68050289527     
   304287.95453955332     
   304287.93700423191     
   2079.7556170165408     
  -906.84232827506435     
   18145.324007304105     
   760.18258431401409     
   463.60150228708335     
  -1194.9381101881017     
  -403.84118282799278     
  -62936.900999498270     
   131.67711194683562     
  -567.91315172885038     
  -1358.1065418017736     
   276.39989426214458     
  -6357.6938404657085     
  -948.89260319833329     
  -111.85055299375148     
  -40256.309043492911     
  -2115.6894486792548     
  -39.869872329646569     
   82920.916450019562     
  -866.41811560820292     
  -128.74961669134845     
   64450.025718049787     
   270484.74859638017     
   270484.73439854837     
  -102929.39601603907     
   102929.40730445008     
  -190696.60240023138     
   190696.61730210745     
  -171354.67281406029     
   171354.68093380035     
   102235.40600973362     
   102235.40392891399     
   161604.50379487665     
   161604.49131002947     
   1192.8210412695673     
   901.33788312169099     
  -132205.34225739661     
   358571.98280722706     
   358571.97942072642     
  -191038.73266266679     
   191038.74788556842     
  -177142.83976603212     
   177142.85115808007     
  -268612.88336112758     
   268612.89810557943     
   239129.44296970745     
   239129.43965482860     
   201046.15741562514     
   201046.15886795206     
   1728.1900949210981     
  -546.88991155150347     
  -154474.74430287111     
   189558.85947284728     
   189558.85109792816     
  -209797.13620979313     
   209797.15654386912     
  -230610.91589005073     
   230610.92791766126     
  -181698.36957382728     
   181698.38017374091     
   205788.26412293478     
   205788.25564383046     
   209263.46247572999     
   209263.44455379187     
   2617.6928939422992     
   567.48488049209482     
  -739.79093733831371     
   89310.925046677745     
   89310.920836156467     
  -155016.07468546001     
   155016.09348468334     
  -36286.318706936145     
   36286.333938767995     
  -67049.630548736779     
   67049.637827587198     
   46600.205182721955     
   46600.187441793038     
   52184.616602742557     
   52184.603535814516     
   1842.2769081826839     
  -659.34937260167840     
  -122740.68269964555     
  -142397.12074236726     
   142397.13985057027     
  -104086.40889589107     
   104086.42263754364     
   120444.52582306378     
   120444.52324833782     
   1402.4941328305356     
   414.42045182166873     
  -239623.21830778071     
   372.92967081346313     
   32.671127418804431     
   2724.6424748678037     
  -1073.3580733607005     
   30.823946922548913     
   3613.2718448475530     
   763.76093002044263     
  -113.50876019076107     
  -1595.5280590442264     
   300.71117769840811     
  -54808.708216612540     
  -1173.8213677162394     
   330.66688842163580     
  -36675.619595003875     
  -1576.0212251443118     
   574.17704406882820     
   50453.064210174314     
  -1653.4169521979368     
   342.01749077427098     
  -55863.329997373607     
   23496.822594446840     
   23496.815341431091     
  -216096.20539299611     
   216096.22419821125     
  -27981.920149443184     
   27981.930135425169     
  -43701.193886331886     
   43701.201609606404     
   92680.269404879247     
   92680.262961790766     
   111604.76107197090     
   111604.75881770704     
   1344.7904725518649     
   197.99490256357745     
  -258895.89429354010     
   43192.250808858138     
   43192.249457687016     
  -45217.678480054819     
   45217.683672764040     
  -46624.491273686122     
   46624.502142831880     
  -31717.683246672885     
   31717.699354734974     
   116048.85694371742     
   116048.84340047413     
   25704.774752045734     
   25704.773532582261     
   931.99900309448435     
  -430.49026702507035     
  -172185.45335225243     
   174713.37423526632     
   174713.36210362418     
  -36154.838620535709     
   36154.846799065541     
  -31246.815348579872     
   31246.822690681136     
  -59364.257115302680     
   59364.267921855826     
   38410.400589381839     
   38410.391143306326     
   86986.465736173763     
   86986.458890044698     
   751.33854302898681     
   535.97930250644413     
  -90769.920765451374     
   208008.90585807824     
   208008.89398335796     
  -352883.37120958528     
   352883.38147241034     
  -138325.05971083965     
   138325.07606329792     
  -142729.77969165222     
   142729.78905096898     
   198204.63410657496     
   198204.61550026521     
   166375.83681190413     
   166375.83235297835     
   1228.9145584029779     
  -708.09528566783183     
   6601.0199213246588     
  -155895.65586570266     
   155895.67264127068     
  -59038.279468729517     
   59038.299296195553     
   85367.588085809257     
   85367.576941103282     
   119.40310239811504     
   445.69041766424806     
  -309476.78381970845     
   204.08648190772431     
   351.31336076343035     
  -1571.6827849854949     
   178.78029247036909     
   27553.687751171638     
   316.13283406180790     
  -527.63867549857696     
  -1078.8225398867437     
  -227.12804681235571     
  -100294.47684845405     
  -1801.9105837656218     
   229.61644914468974     
   60869.946434349986     
  -1185.2396801992090     
   403.84898543940494     
   10330.409593439290     
  -1746.3433990704273     
  -85.818654295372539     
  -96241.139315881665     
   237421.08564227211     
   237421.06651181701     
  -311546.48462868441     
   311546.49628747883     
  -199179.11217025144     
   199179.11812853604     
  -294085.96208324924     
   294085.96951835608     
   227978.95617264207     
   227978.94460306544     
   212253.22415899215     
   212253.22131314763     
   576.06725135752436     
   737.43686725799489     
  -62137.352722138952     
   39105.186587994496     
   39105.173404639660     
  -97450.691532308410     
   97450.711567090402     
  -76560.006119082565     
   76560.017607856047     
  -36572.611959533162     
   36572.625214901309     
   48112.893750954630     
   48112.891132506680     
   61889.272789568138     
   61889.262270509338     
   2060.1959710933570     
   20.308492834660683     
   34775.826733750393     
   214400.90683315322     
   214400.89588100824     
  -132099.47096820991     
   132099.47707842066     
  -34860.474458675162     
   34860.480469168484     
  -54936.728949161487     
   54936.742217375242     
   39665.636537138795     
   39665.618846430174     
   11805.039163294179     
   11805.036769902108     
   1229.6294100151908     
  -391.67984961664797     
   205150.94935603315     
   301630.69772173953     
   301630.69747992500     
  -351444.23641339317     
   351444.23767640279     
  -197433.94647858859     
   197433.96157813395     
  -220739.46930692144     
   220739.48742166514     
   197933.87532227489     
   197933.86156923519     
   194815.73637997109     
   194815.72955275088     
   1502.5207887892961     
  -691.73100546296098     
  -77773.126534339113     
  -140198.40752730687     
   140198.42499927199     
  -92719.500377641190     
   92719.517355563730     
   91137.895165761118     
   91137.886409159284     
   838.96561043709505     
   733.73529706349598     
  -444002.75361386087     
   114.48075757541976     
   171.91181080616775     
  -1358.6622513592956     
   361.85428438987373     
   56556.162478770791     
   923.49988166781793     
  -241.37847698402760     
  -1568.1043132286270     
   10.724291934669850     
   53840.967830136855     
  -1844.2960987141919     
  -262.88630760090922     
   21439.418288110985     
  -1426.6914812459831     
  -394.44184738083567     
  -22939.067593742137     
  -1240.9123414190876     
  -221.23239269884161     
  -138283.56402015913     
   171851.01944744511     
   171851.01117983245     
  -213503.25953131291     
   213503.27245963452     
  -149091.79710408513     
   149091.81333588209     
  -178421.16967172734     
   178421.17075396734     
   200735.65715902526     
   200735.63971104892     
   105773.12074689602     
   105773.11180477735     
   1700.6462895898489     
  -283.90812537037357     
  -18178.105195486227     
   189575.09346393295     
   189575.07550389436     
  -151966.17032463136     
   151966.17643744405     
  -115824.27791481331     
   115824.28078188265     
  -110707.85912204481     
   110707.87060664564     
   68856.618797359173     
   68856.602905214284     
   107990.70280629194     
   107990.68583825530     
   1021.5014985743486     
   706.41287079424899     
   296704.02604973409     
   268664.41990115069     
   268664.41131626489     
  -233160.13287582470     
   233160.13493316228     
  -174227.08681177106     
   174227.09102160967     
  -172401.73785924772     
   172401.74129968078     
   163945.50506784910     
   163945.49545125995     
   144183.46497020178     
   144183.45882580755     
   704.32898787981617     
  -571.84921196274900     
   404272.57366437308     
   188855.36722538283     
   188855.36251338804     
  -362052.51501579734     
   362052.52240933647     
  -243533.02883671981     
   243533.04000266193     
  -192294.79539551371     
   192294.81094564358     
   163036.03837976293     
   163036.02864245692     
   139424.20876845086     
   139424.20506148718     
   1679.0407287215000     
  -246.24602984875736     
   9649.6142539470002     
  -151515.41402126898     
   151515.43459215300     
   45197.249037352391     
   45197.250008694464     
  -972.58962764991634     
   1302.9895459717723     
  -323522.95019782567     
   765.44032899480283     
   320.96897088624183     
  -565.69295882829215     
   468.83578431981675     
   72851.790179874879     
   714.48775262916365     
  -806.88390931870401     
  -1118.0247719621921     
   390.58589532008011     
  -110439.98347478865     
  -780.90204247509701     
   560.19539304254158     
   80406.386378859082     
  -1582.6708803879426     
  -454.71380185739309     
   39074.720215059475     
  -1319.7046423229533     
  -602.85867677551028     
  -125985.19751874931     
   194506.45964580175     
   194506.46026291820     
  -219341.23968354223     
   219341.26011067588     
  -127901.00329456909     
   127901.02452827615     
  -156997.11499775594     
   156997.12034405119     
   178000.00507749882     
   177999.99286686309     
   149809.67526450413     
   149809.67533483868     
   1654.3131499093079     
  -995.44472412336950     
  -456751.34548988327     
   194648.01293560729     
   194648.00230736934     
  -213056.24367743704     
   213056.24528364153     
  -123805.23095205359     
   123805.23173658532     
  -108685.86226326047     
   108685.88296002202     
   131563.89753213138     
   131563.89314890685     
   136468.61217736284     
   136468.61138940777     
   704.68922663978924     
   1060.9579541383032     
  -77981.949252084305     
   327363.84017771343     
   327363.83001125394     
  -231595.81557908724     
   231595.83008460017     
  -205633.63591509010     
   205633.65149511193     
  -144286.36667486303     
   144286.37747953815     
   156738.31011470550     
   156738.29365569554     
   159553.80352297582     
   159553.79092779564     
   2451.4828205143854     
  -308.27588700006362     
   190011.59385567164     
  -307638.49314901279     
   307638.49986098101     
   261736.85981933860     
   261736.84785558729     
   313795.15546498564     
   313795.14880171273     
  -70.617618999916317     
  -1067.2165682024520     
   222915.36598323018     
   178.54754219273187     
   726.89776721835563     
   403.46808601832561     
  -679.41051401996094     
   139.10181072883805     
   20305.136344555627     
   522.70343750148106     
  -20.062256472635266     
  -2276.9255844128888     
  -122.76944540944839     
  -76830.833961980301     
  -1369.5488607339960     
  -694.95403346251896     
   103310.39649726685     
  -1292.0175272508113     
  -308.08281102506669     
  -14458.259643132526     
   239476.51856464561     
   239476.50246641214     
  -225810.45519819835     
   225810.46669657686     
  -130555.89724018225     
   130555.91415391972     
  -206394.13558673125     
   206394.14233497827     
   162884.47047999827     
   162884.46411257834     
   133260.94058660307     
   133260.92824142287     
   1044.3388886077919     
   726.97389398070118     
  -136793.47471764393     
   248897.62880805053     
   248897.62302287770     
  -292773.98394660221     
   292773.99601144687     
  -184608.77915920454     
   184608.79614250339     
  -142975.51496776173     
   142975.52750613497     
   146249.32397061522     
   146249.31422549626     
   161516.26817784287     
   161516.24892631950     
   2613.6876426418589     
  -454.96823964962960     
   168809.70418376155     
  -182189.45852805814     
   182189.46062949192     
   158337.91062469644     
   158337.90277605655     
   218153.62962462939     
   218153.61405028385     
   110.30634491415917     
   178.27936255007023     
   185944.75033106239     
  -266.78019734031449     
   454.25220530060352     
  -495.81247056894460     
   3.0077845005994561     
  -311.55249163063775     
   918.28048337466385     
  -401.34006087985176     
  -1628.0442043196499     
   537.90946032895272     
  -52142.233471297906     
  -1253.5168115182851     
  -93.432213263472590     
  -9046.8270523068259     
   279929.27668549109     
   279929.27475816640     
   207011.67192857352     
   207011.66833634506     
   130008.42619284149     
   130008.42356116021     
  -967.96605121351604     
  -683.88596316167491     
   11207.659512235445     
  -676.27412055053173     
   161.46885294364614     
   1911.2529801725195     
   204.03125172356428     
   180956.25780331099     
   180956.24445610712     
   223136.82362618303     
   223136.80753249547     
   25.904740328727883     
  -18.141774046968408     
   226663.07198393482     
  -227.41382480314959     
