213.92321601835974
23.366691591072296
796.4242319733801
843.0404497990062
879.2326223143833
998.0925236582282
752.889811785083
105.49813138037278
0.4445716720896664
707.421527096599
194.74957398804693
93.75740605162409
725.5510933138721
897.1513807334431
326.91628154473165
836.1139437335046
958.4460333785609
85.06031377896683
341.38808623856744
734.0292376260257
714.1342153777302
60.33171391292513
818.7217662571833
500.72158046351376
388.1600659595662
750.8630524237072
78.76963106107327
203.5581544526569
267.5890010712093
231.4604570336365
542.0971775306292
224.36368667884355
559.272423887153
217.7540207855859
57.270527811185026
906.2057581249978
552.3822044302989
339.07187985606737
245.3571128267823
261.694709932535
811.939029919814
867.2718775781897
907.9689983540395
854.2947740566569
903.8923258432814
967.8776300463704
892.8680896617639
363.22211463621335
346.60831537877533
132.4076318481501
679.6859994735931
334.4899571571431
985.3209225328354
581.466319136379
952.4518730387965
447.93272025149355
905.2419632078145
248.9210289242537
159.04766795092974
5.291446449791959
760.0509576210684
737.5309423204923
30.437809591051355
263.48159545535987
86.03318227904433
751.8930370165418
514.0765741763265
551.6346865979017
639.7826793959466
944.3459742133531
164.32525524062603
697.828457615215
799.5785835029005
978.4558785728377
522.8108780822182
732.4836175488522
131.09810843892356
793.6398575692276
192.71335044518534
620.7584445239625
416.2495499448801
475.9069001202375
103.36310604136423
797.7377208299382
954.3165284622164
129.12496283593765
985.9216281194539
111.18183847310603
807.4857884763006
589.2708971779128
826.1576528132248
961.5896246028453
131.43195288176113
384.7546063187499
546.5739417229896
122.93096403695436
709.9552275600378
11.88869136439752
810.8296025016025
506.7871890076944
221.25711858524366
731.5923524515994
927.0823859657236
319.96892948149116
326.80018484936437
813.7317187470662
84.01483937640452
924.006461550552
727.1140677332844
154.9768076183192
887.9421539449011
260.4891870654509
417.1587748868942
271.4013790673141
617.4025794924879
905.7347646119899
978.2520182176656
435.9213455105
209.1617546482065
621.4513702168765
546.6488801413399
59.99252457874393
398.95403121986385
441.19299579659634
259.97244257093513
307.92985011261464
860.9324007973804
831.0060027216836
350.66245985695855
421.4359151284025
115.9154689998001
10.121687920210842
969.9256935151855
273.9437979375454
373.700205828196
876.2454621627585
105.83798138383172
700.0015013533146
289.936379066861
803.0992376658174
740.1136249353822
282.21000308924835
462.52573074518455
780.3310457390156
719.4114321208153
333.5179686223745
923.4185352333149
18.791639615532098
406.92472353253504
300.6629680405437
803.1181959053907
119.1982354644886
673.5424668046367
308.8425712424847
184.9672622784402
535.323148723219
508.9274142547282
469.33649723197766
167.47597782114866
122.16683780496574
759.3598332732638
956.6897107509766
204.06458959978823
586.5868627232728
488.3347772738653
172.51294307562227
345.22924077406844
148.43225238629498
707.6978197377225
263.7685145058307
843.6562520447364
172.20486301579618
578.4701720319086
488.16793350534016
374.5294569025761
201.29756632537078
710.2124679529235
713.4494572241211
341.9418638564955
833.5807684490971
853.9976604797924
797.7357524811039
25.43099524167747
135.14742914060662
919.8858526056174
386.90552759205946
670.0539605584491
662.4490960182372
407.68609243186125
668.8720931128192
488.32564607914543
12.513870517999791
85.74391839862272
207.30753066741647
368.9049704013354
789.4833383320237
190.32677507722929
923.504988588488
800.7468716613636
208.41923195969338
730.0226427741514
911.175913762324
708.7494058406453
542.3978574250084
174.4840891484718
79.43667521687392
278.77944488654805
333.6350026525806
610.4365223853066
56.98986079338519
783.6160804978753
323.28389832623293
564.4558729575285
383.71930867376346
140.00206627646472
713.0826680973992
68.57693317130764
858.4326693676751
736.2877185227879
555.1871456402497
630.9135673565427
944.1139580832303
764.2610634064413
137.40506393696228
70.85407398951216
159.5253660489544
369.02814888827
461.93702761439334
943.1640015592978
24.307598350864158
819.7837587061301
706.4914359683154
574.1711313845611
591.3916917675649
206.1358673389796
165.82157322482928
931.6706603606331
553.9079172071197
712.6168893324935
98.48618676997035
725.053533724231
104.57112100424592
443.8972134053688
644.1221327794266
405.99000670980666
427.9052962644442
294.40685853447116
992.1404882296231
769.9105392980899
733.8085015359433
529.5463791368993
776.0939837552831
897.1501726791172
409.49163304367784
576.7376033137326
754.5707876283493
317.66374706201697
183.1634388827945
272.3244435429609
501.689223201235
444.33551720423026
262.881503754267
446.75278862327815
758.3146438795033
172.2516345797914
201.42944577411726
600.183655867308
729.9109006420247
997.1520119915158
928.3790831979015
926.1963529567142
516.8490164615329
452.8530564838851
258.0793905996307
135.7457758096764
215.55101329340764
448.5001660039232
817.5093000057159
23.154311617342493
708.8103300356195
896.6662137479319
500.29592031308636
217.12865854757658
347.3328403241037
406.48803760375176
451.4987756113168
849.5890873814196
102.84481224439979
538.8975548435028
185.41383931846812
41.56186205207702
559.3847089323237
334.59992468717047
361.31547953986274
575.0599545524983
533.3938008183565
441.8168976653822
819.2081108693907
313.35075042322535
958.8983956978847
535.0065463858765
427.0372135501119
644.2292095823043
192.90653411263847
476.3073138503307
365.40293010049805
579.7292694945733
45.517846908612604
768.8037390299717
761.5467342291014
382.6476644087539
497.59313456298094
64.0100601654272
844.4052072295266
832.8896162124196
419.6730603166862
898.5377969420305
597.2420387708343
897.2715342895228
663.9341367616051
237.55079817739278
315.8424316664646
736.8148149723795
450.482880303258
29.00789505386414
994.7177446034362
858.3449779603345
498.01488871979285
394.02517170904196
352.31966396920376
179.51109673040776
209.2120839986613
515.2438690889823
833.7765597704941
349.09058485718737
36.325760622260674
319.0821295556632
405.6157830601095
903.5043020738395
276.6014252370639
253.2412856496573
193.69903790631926
451.1923856037098
287.46335550172506
758.4669486839865
681.2609362024181
846.823255008653
93.92388674837382
571.0977444881096
220.21658933872303
865.8959930073936
798.5908012816305
666.1306842393652
874.5417939086883
825.1580061923898
293.8177780477191
405.8430946060704
901.4696523831674
425.49574349288497
249.48052014910104
165.31803641906095
842.6365003092075
997.9957735209584
339.17983763507766
266.5642679335255
130.34230384069957
436.15720835232287
777.6301954154611
935.9540271877999
588.8613149908628
671.879143119766
231.40080134853125
631.6466373268497
765.5741757975711
126.5957344746369
427.77740428979115
573.1654783363135
646.2049692992837
816.9586061597607
295.7047123794749
883.7213678282081
462.7961405183485
726.9632897252692
52.37308887272341
600.4617140024811
728.0023454000635
132.0593547530824
814.9567256181698
327.8422080324161
727.633259773554
965.0539541079227
881.2769940232981
652.6636476971653
244.16753676777546
657.242620006232
725.266487209759
455.89672755552834
809.3701170647983
70.28251419508902
708.8689017359934
79.32797622457144
869.4598493156955
26.926232502499815
483.89855298617226
300.97779958180047
359.1141970748434
121.90096037032572
437.84193399374027
223.3883867354214
717.9181057243405
730.5944750345133
869.1762586443277
871.1012640404191
296.9282489588766
668.2818291408712
104.92025290430229
185.83762512710334
911.9708489310481
291.5317151067561
71.44102751470116
44.95451821246055
503.98877765915563
689.3921793753534
512.990007859173
453.0087387200694
489.69635432426884
775.052862404896
274.82452815803447
652.2128193261652
576.2355352209771
561.526512899184
737.875285591626
694.0307431567217
660.2613695570323
289.14223055289057
868.8231485471696
587.9244499048127
191.39634476269873
43.75778666456298
47.36417786338565
660.9797320403673
132.65936957886592
443.00424361126403
664.7484456383198
991.9128909359471
259.5177877862643
655.4292714828473
720.8130737306055
289.5128475334132
165.6653091283
496.84561652197146
103.27280528047066
907.40329584494
391.7899421154456
408.7063337530149
638.867360158112
984.4218630847631
872.6840561436289
750.4802293104985
203.6919434590373
634.7511711522362
596.974600468916
504.63986562991425
984.6222023479695
327.54852001265533
821.9972040353358
185.25007942224758
170.57364075783465
26.322048851511347
738.9204227637771
163.82079736803357
783.9832650677929
573.4906122667239
457.81819249061215
156.26389101055415
75.72866546277335
461.6821096885896
752.2158013977927
520.1478301354416
672.2543407624768
774.9108653195283
815.0462941980862
50.66163948017688
896.6157702219303
931.0535634007515
146.49558170672262
723.9756646801801
306.75888573531995
245.86149852129026
772.1658820327496
820.9124696759039
669.502148489588
250.0134297709482
542.5883832849722
742.7771909475433
206.6450729261018
513.2347129890697
728.3283280250215
345.27512495538235
809.1382965451455
215.93733936302206
73.02985503913916
156.67103892493316
731.5421315270287
243.0754995463724
734.75277520388
662.9945825275339
874.4676209776003
322.9322149782139
131.7458711108178
867.898477405349
238.81498448294204
929.392724150221
321.7278217689139
968.3954627663076
932.8578821377009
790.2074145353472
478.64553976247237
31.173693894885
66.88946482254154
282.14274545597175
58.61519033768803
642.8278398823685
218.5792032853211
362.5975264805489
267.92143723137895
726.3402636078565
477.5998016930839
970.0749072674107
298.2258992323089
99.23422552195593
188.7623221863026
890.3243042220947
932.8548789456263
620.17060903045
692.1665840205063
222.95847169115513
258.2912934435124
872.6286706072816
845.7274913779924
409.96299350118346
202.9395629798857
666.4202352288086
491.4220835331415
225.30651684697523
11.228199726638245
762.1436277132335
111.05356077088902
578.9213007263927
684.2234299345794
164.5399058533671
366.4140264036676
71.07713436282891
943.4351045456457
179.0850945908563
118.82946295410879
115.4755703347159
890.5143772698775
60.729943068699384
599.8294420331312
652.6839770824832
33.87194734702226
740.2853668975885
834.7405426776608
553.1759945059293
363.68473907970923
443.6299828204294
869.0088583989893
700.827039301504
105.97199918298695
936.1393656853695
651.8219967349124
178.98231622730464
380.7065245325904
57.05725093536418
393.7545612861769
749.5182712757463
776.6684383835927
327.89286218236924
673.1869824594335
617.0679506378758
582.055193617316
96.65536699891952
353.30956151511083
301.7069878544759
896.5265076338444
669.3814714666681
73.96963262416978
493.2908824868911
406.805781309894
429.4639484168326
953.5664368215945
433.2470769412272
373.00176430707853
508.48825640214034
605.0278336029278
343.53759382634485
661.2056556021381
763.3842872800362
498.54735315228817
157.03376648376377
869.0931577194642
670.9442669722679
447.1289563716112
854.7559268038418
745.3460920283792
675.2302199722094
395.73362209052175
894.3763633653894
227.7451482225159
35.70476497094288
222.0247331141706
129.384849966792
434.4155583112432
892.8544173164988
933.7601908295272
610.0213695024349
190.95366923587886
27.322456636700075
584.7868551888496
926.9063378051558
937.4848966746117
574.2629091610064
411.54925682634024
766.7534860641636
265.469349375265
751.2539582253034
285.2784047597807
393.4511337771925
701.8058723372598
452.0942361156459
609.517268672128
298.68095920665536
207.94964440932418
711.8128688752857
479.7722676340477
481.1578349304423
439.4284591217671
741.9000129520578
327.28498230095835
358.64005156480374
163.3817909372094
81.52441562986024
259.7551154110055
913.9147184946177
271.28465981031934
157.00852799935728
125.7123972680455
767.0898734610537
438.3543249398856
163.3321135285273
663.7711822402332
595.8623008158727
703.8145148335345
710.0140039719512
470.76855379279345
997.2198399026862
352.77710098874536
105.87102347371902
239.04381925096442
263.6691073291426
628.4936298156673
681.1674933881982
155.82811209111526
841.065180684408
567.1865723112439
