   0.0000000000000000     
   10748.678599227078     
   843.05890345603621     
  -387762.41297656222     
  -215737.71117105207     
  -109790.17398666289     
  -34315.284277064835     
   500.22255040640368     
   734.40686670964362     
   42795.948467715680     
   0.0000000000000000     
   2021.3355698136252     
   0.0000000000000000     
   836.13311265368793     
  -220442.58767706901     
  -220442.58767706901     
   241.40482454642046     
  -111284.39996426014     
  -152721.08955352005     
  -78745.980080087204     
  -500.72158046351376     
   88275.372009773200     
   5717.9396386346780     
   84309.738584489256     
   482.14390105025797     
  -143.93734891590947     
  -25082.222285719759     
   51152.761004433662     
   26002.747451230640     
  -224.36368667884352     
  -395.46531669314237     
  -395.46531669314237     
  -790.93063338628485     
  -307.95068418589688     
   12907.466802646602     
   11958.731892706779     
  -640.78422575392710     
  -2062.7548432572944     
   38079.093175916852     
   112139.08237247115     
   112880.61002081503     
  -187007.65535270955     
  -186745.95698763395     
  -295334.27470386052     
  -294008.24265750725     
   98215.509655910617     
   191961.83891967195     
   112853.66985872423     
   613.01846774344722     
   1441.8317132401025     
   668.97991431428625     
  -226623.81218255215     
   1528308.1169159820     
   267474.50870763807     
  -102576.58397893785     
  -103472.45656761109     
  -53761.019428587475     
  -27201.557395620821     
  -964.83326622946493     
   80368.367448251549     
   187377.99270393176     
   57092.075676654807     
   531.66865610222283     
   566.85281995401522     
   664.64612292458128     
   127239.48494294546     
   261878.02061386890     
   299449.55114213109     
  -35374.152968267175     
  -18075.760689240687     
  -260078.21968039020     
   57878.890156104477     
   112175.35561983955     
   278.10107967417929     
  -1494.5793552470623     
   43201.694371387021     
   85809.303822890826     
   42689.549994390924     
  -833.93694633814516     
   490.99699039774168     
   1518.4022708154453     
   209949.63626168761     
  -935.41409586715679     
   0.0000000000000000     
  -235.85229175092184     
   570.97866697147447     
  -570.97866697147447     
  -1141.9573339429489     
   1141.9573339429480     
   259279.19475828166     
  -1168.3633372710981     
  -1168.3633372710981     
   0.0000000000000000     
   14457.514816993726     
   43372.544450981179     
  -1088.2503462583825     
  -386.48613399775826     
   27431.298222127720     
   191044.48385360287     
   162579.74713502603     
  -372474.81273156346     
  -48136.607812312570     
  -23027.170578313307     
  -302862.36298832274     
   106298.01483684231     
   9122.8207159114008     
   17477.503181088327     
   727.11406773328440     
   2366.5427320009740     
  -109.58514971808653     
   599709.50140031206     
   573700.07070466736     
   119981.69647224639     
  -62839.470532341693     
  -62422.297835982252     
  -294607.54721444263     
  -93532.152463228646     
  -48259.590522030579     
   201592.30449722213     
   7145.8277836536336     
   13355.731722116465     
   182.74811180466867     
   440.11283368381345     
   0.0000000000000000     
   212655.42485162156     
   732003.93762508931     
   350.67113511797976     
  -161233.95723605767     
  -25374.454517328311     
  -12740.579881814423     
  -208805.15208267976     
  -65584.803097681244     
   80446.123403418547     
   34425.829106020057     
   1.4000029991620977E-003
   615.04792872645510     
   205.01597624215174     
  -170226.13373513790     
   680904.53494055162     
   329549.74192929844     
   179621.29102315422     
  -85284.636227899682     
  -71560.279880038259     
  -36922.807514848457     
   5705.4165333957935     
   406.92472353253493     
  -1323.7234248522223     
  -567.89031269997906     
   29171.489147556924     
   78605.172840215571     
   3.6469988634735273E-003
   819.43818976399677     
   112265.89165545105     
   0.0000000000000000     
  -259.15499390877613     
   450.56348030913693     
  -1610.8454348361870     
   536.94847827872900     
   536.94847827872900     
   0.0000000000000000     
   420943.47273042973     
  -577.18181054619424     
   0.0000000000000000     
   0.0000000000000000     
   214867.30200050073     
   0.0000000000000000     
  -487.94027921414312     
   0.0000000000000000     
  -16327.547762492448     
   48982.643287477345     
   31654.259687378511     
  -1187.3483396849304     
   186.51250207854901     
   371208.75434378121     
   79214.238144206582     
  -224557.23964909805     
  -43333.145037576425     
  -22142.716606377071     
  -232063.07590585417     
   92283.331804965012     
   177726.60026136291     
   260581.55932526803     
   25.430995241677465     
   382.25464787899568     
   2490.2292183741292     
   94037.273016573352     
   416444.06081305549     
   308224.83525796549     
   407.69557105169264     
  -187274.41518023104     
  -105790.29407144444     
  -53594.559118584861     
  -28011.108615252433     
   119993.40219217227     
   20666.787942006875     
   40439.894920323291     
   800.74687166136357     
   2056.4349011416357     
   61.044582233511903     
   168052.58248778101     
   1342802.6032240465     
   208659.28566907099     
  -249503.00356754698     
   56.172148461094295     
  -25894.467595708811     
  -71349.474808410654     
  -37211.978124805661     
   17793.724802803532     
   36116.256696450822     
   69821.637426253277     
   271.33052059180801     
   813.99156177542409     
  -98.996408749965255     
   492126.03739595541     
   10504.335739581817     
   630458.90914534102     
  -170082.46186838974     
  -136262.31861164246     
  -68954.367266806439     
  -163981.37654977196     
  -84609.130871181158     
   22887.118612825689     
   40752.629124321444     
   80383.529519754025     
   390.67129816032082     
   1316.6472323855248     
   17.188067334093738     
   565650.79350722977     
   365024.39222494047     
   367635.85846067569     
  -355678.21659763210     
   18357.629928050192     
   36250.173803411970     
   70.727186081285481     
   21644.030504670674     
   65053.892328118840     
   901.64493786281764     
  -887.79442681073760     
  -443.89721340536880     
  -48050.474398429113     
   94567.070474442153     
   46371.848959393705     
   0.0000000000000000     
  -1633.2268617825262     
  -25.527995279373727     
  -1556.6428759444050     
   518.88095864813499     
   518.88095864813499     
   0.0000000000000000     
   233000.40682023569     
  -2195.1252374378028     
   0.0000000000000000     
   0.0000000000000000     
   180176.31853921825     
   0.0000000000000000     
  -1631.2602531558389     
   0.0000000000000000     
   0.0000000000000000     
   139772.04870728747     
  -518.06442993159180     
  -192.56245741651463     
   192.56245741651219     
   165557.44365640756     
   157382.99239581896     
  -109.21017693917383     
  -103078.08891351803     
  -55948.507919492695     
  -129402.42443652131     
   43666.520633484659     
   214656.05719223613     
   301263.09051447752     
   1.0336980303691234E-003
   640.43092328111095     
   974.10002042605970     
   33403.672954325120     
   87665.620806540974     
   108236.03558615797     
   49361.182941190680     
  -376054.26165244367     
  -152584.96124855333     
  -77969.124504667561     
  -162730.81293669989     
   38452.220784826699     
   73885.918357100949     
   146647.54641398700     
   849.58908738141963     
  -248.00850323036747     
   919.95566371666109     
  -43026.241152120827     
   372881.41160428181     
   19118.457662724843     
  -76623.376061363713     
  -77292.581880105427     
  -124199.26722505686     
  -62537.544592120445     
  -143202.59514874493     
   33649.380702700248     
   125548.84858324718     
   115927.01309537748     
   455.53883493788169     
   980.80343658836807     
   249.40755215351717     
   109687.08770164780     
   226117.79060578725     
   680756.63697880739     
  -20938.208040354326     
   1.5230934299779619E-002
  -247707.63475478638     
   703.71289926178474     
  -162555.38344984385     
   274658.95494448557     
   45570.539370570667     
   90338.917154462819     
   597.24203877083426     
   791.98401929824263     
  -371.66201691716276     
   459383.48791671416     
   9780.3345860605477     
   714622.58909655898     
  -348485.97393812257     
   2740.3861557796840     
   5249.7882647420765     
   994.71774460343636     
   1076.1982887723643     
   181045.29447704140     
   169995.22302624473     
   24.875014554606281     
  -357.14736476847975     
   185342.37514926106     
  -36.325760622260674     
  -225.62513370284418     
  -676.87540110853251     
   0.0000000000000000     
  -286.81366584948807     
   286.81366584948807     
  -99385.473228122355     
   198770.94645624471     
   297960.83294424339     
  -407.69159307635840     
  -358.13725458928627     
  -21127.825542400475     
   106215.42965845564     
   0.0000000000000000     
  -753.85628552074650     
  -83634.631639777654     
   166862.72871047704     
   249812.36884621371     
  -846.37820267044765     
  -1796.3833675054580     
  -9134.0386306508135     
   51658.137711605596     
   262704.97388648504     
  -199156.06063334792     
  -199156.06347190557     
  -216671.73922731134     
  -268398.40142360068     
   44642.749111164987     
   87064.616417194149     
   138452.02464616261     
   366.37852171388715     
   233.79500520749409     
   1802.1705032221621     
   459078.05581964087     
   644513.01358124719     
   292849.04063341353     
   78011.365796042417     
  -59957.458894407391     
  -167949.61930158356     
  -84573.052449661278     
  -191282.90862995476     
   24782.213633234580     
   132943.92194012017     
   165887.17948276779     
   302.48429823489226     
  -238.87806196795032     
   1146.3309566726271     
   0.0000000000000000     
   1151757.4451176079     
   375279.70553111908     
  -203551.60163844045     
  -203255.89913563017     
  -156492.74711547029     
  -79116.768670704463     
  -196160.83249364578     
   42954.832652121979     
   35599.012181340273     
   70072.889770417081     
   965.05395410792266     
   1848.3077399042616     
  -365.03686180208956     
   301471.59179652145     
   300225.27794069605     
   675035.66856173903     
  -333891.95296434994     
  -174688.27279823730     
  -88960.430222367693     
  -151665.36048861616     
  -79592.871974824651     
   283396.33152278478     
   52913.608850437806     
   104510.58385814853     
   253.93207962612149     
   761.79623887836442     
  -86.196994235811161     
   402900.77626847691     
   0.0000000000000000     
   377238.78288293356     
  -340621.84993161878     
   96437.118066832365     
   186905.24089209668     
   472.54660504196892     
   856.79810733150055     
   42773.384211095334     
   124576.79925106079     
  -291.52551071557457     
  -204.26153993573971     
   111653.28496657652     
  -320.32554560358767     
  -320.32554560358767     
  -294.38348426827230     
  -692.53521387780609     
   346.26760693890304     
  -85255.814864538566     
   85255.814864538566     
   170511.62972907713     
   170511.62972907713     
  -777.32113668447300     
  -922.36819885899638     
   922.36819885899604     
   253543.63549722993     
  -794.11839658333906     
  -794.11839658333906     
   0.0000000000000000     
   152686.76349447877     
   152686.76349447877     
  -1867.5011351162573     
  -204.45442845226449     
   204.45442845227080     
   382282.19711924333     
   270445.24733900651     
  -20128.580990543254     
  -142288.51145249954     
  -72707.761399037001     
  -144095.59881957548     
   109811.82616073490     
   211899.90966756357     
   213397.02029974028     
   720.81307373060554     
   818.86597691171949     
   448.47367974376846     
   121476.32226040406     
   534777.59139107831     
   47505.492494472564     
   391.79959272067714     
  -180206.45616405478     
  -137937.10750332606     
  -69041.228588124592     
  -285091.33444221760     
   66254.703123666564     
   64822.969698648129     
   128369.82483400143     
   984.62220234796951     
   2457.3835770735900     
   95.936744307955934     
   189290.96870383192     
   1317773.2994322616     
   42422.268528841974     
  -12108.141945254258     
   115.84354899253363     
  -53401.685271548573     
  -122643.76778242215     
  -64005.499876681286     
   50862.587916476834     
   50534.311571380713     
   99712.361181363580     
   367.80005161360930     
   1103.4001548408278     
  -475.35559489987480     
   535163.85266537440     
   11415.119539063569     
   1003668.2157070009     
  -207118.24105915875     
  -31639.559937436698     
  -16010.924522322304     
  -65818.797738490161     
  -33960.388223742593     
   250340.82098896103     
   74466.162193573196     
   144665.72673314769     
   224.74745401033294     
   242.11305765440738     
   525.22277964089778     
   142585.10031901023     
   92012.669621780791     
   134178.74229039400     
  -56167.019066920104     
   1114.5198052687108     
  -33.402180402189302     
   72141.707760508376     
   68672.886774857499     
  -1254.3014361544817     
  -50.740703778745001     
   193917.33853708892     
  -613.69688825182686     
  -613.69688825182686     
  -1058.5260844168529     
  -337.73538417360186     
   168.86769208680093     
  -102233.19965652432     
   102233.19965652432     
   204466.39931304863     
   204466.39931304863     
  -909.98368230299616     
  -1369.5179737463795     
   1369.5179737463768     
   410457.46814058843     
  -1117.5220235980912     
  -1117.5220235980912     
   0.0000000000000000     
   3429.1063284373504     
   10287.318985312051     
  -94.595986712974920     
  -199.50504516012413     
  -199.50504516012370     
   161388.58574367498     
   147207.57577022078     
  -166526.93295602786     
  -156626.53574232370     
  -78525.515573270503     
  -316907.30317615613     
   32277.831120926749     
   96676.582964048153     
   192298.26876913421     
   620.17060903045012     
   3138.4405105728329     
  -489.43567689529323     
   151046.40648793822     
   144246.51795860389     
   119428.33410643681     
  -195389.93477299612     
  -194517.31813822110     
  -66009.971581183243     
  -105440.50139823255     
  -54403.916619776639     
   2890.0447571272653     
   12978.037533582186     
   24590.626805912667     
   283.41460781191995     
   851.29075653298628     
   0.0000000000000000     
   252942.02549974417     
   432481.20829894952     
   179.09056316286194     
  -82439.398905771712     
  -24977.151475754479     
  -11811.796578520121     
  -13963.794519943593     
   65114.944941175105     
   140502.71802484247     
   240791.98409954680     
   1.6694810811941352E-003
   1173.4634706312927     
   391.15449021043094     
  -102034.89604869876     
   408139.58419479505     
   197534.73172897723     
   15494.699729875323     
   22812.502922347325     
   212017.57983045600     
   3.5796463157566905E-004
   1019.7433911918069     
  -57.057250935364181     
   96444.591714620663     
   423285.99862554949     
   181.13242271467601     
  -2717.3357760194272     
  -62717.072523260547     
   192660.26908733160     
  -256.65419451619130     
  -213.33905339212481     
   0.0000000000000000     
  -640.01716017637443     
  -633.93996221196392     
   633.93996221196392     
   0.0000000000000000     
   0.0000000000000000     
   294527.84744533396     
  -209.21771174110381     
   0.0000000000000000     
   0.0000000000000000     
   134245.90783226502     
   44748.635944088339     
  -607.35373000696745     
  -49005.725028032488     
   142971.53539060499     
   171580.81904129125     
   605.04095113580445     
  -278917.81737976172     
  -215069.77972245190     
  -106969.31344477083     
  -55192.734740807522     
   282018.24042542384     
   49855.138410428401     
   96998.404436505094     
   308.73244194015365     
   2404.5389739129514     
  -477.45985923305585     
   438082.61089106183     
   290895.80975162931     
   205706.56474362512     
  -16424.191442584259     
   2.5876969339719835E-003
  -42084.895325803293     
  -290417.95209325670     
   67102.364713215298     
   131299.44343208388     
   8321.6849916087267     
   1240.2097705323058     
   1966.2652373092465     
   662.90191635350448     
  -132743.37102338497     
   528321.87642812589     
   492700.49575818807     
   29201.635274172968     
   56945.632242682565     
   92600.532323750711     
   889.70360359268898     
   584.56657650840077     
   319.67889462165402     
   149487.37688134788     
   656349.90897146985     
  -1509.2248618469141     
  -164.07747984021648     
   820.40805299370777     
   106294.15214381907     
  -973.32543935690705     
  -231.42542640484930     
  -231.42542640484930     
  -231.42542640484930     
   0.0000000000000000     
   0.0000000000000000     
   71887.988012372138     
  -57.646466137567479     
  -57.646466137567479     
  -367.34920082311862     
   100530.61903440794     
   162926.09621647446     
   76223.835769875499     
   27062.001088721845     
   142583.13396527621     
   938.71451883537793     
   870.80531074679118     
   174.52403446644803     
   627790.93885562359     
   302309.04746106040     
   239.25255031901804     
  -997.22454758810522     
   997.21983990268620     
   11001.371960615568     
   22604.320246124254     
   85321.372171888652     
   2073.4693231691522     
  -511.16557211501919     
   0.0000000000000000     
   930211.89329227526     
   181055.36636031777     
