381.83252453301066
147.27646008850627
734.3902377206806
613.8712621462126
913.8346708504179
238.00076887400334
648.6991637328239
721.7167300154708
503.4572465921532
715.5297491215177
297.0471327029448
943.1928702505345
202.43396751238473
573.161232274594
278.89623058097334
948.415567158289
943.1726046104167
808.9204966684919
764.5684488346654
744.0626043919752
298.2953653909183
93.75958999381973
14.220972392341547
977.5023568537772
499.8084065678611
360.9028174944142
110.07727748062979
976.2864334399902
258.378828761851
119.43023464160785
179.12270522350227
832.2809333554512
149.42522113256297
290.2766524460837
924.1020461161467
347.9871831661174
224.52556617789256
500.4953735976212
710.2624751364729
742.9796581366419
561.5933193650349
189.28469587506635
363.9904161294506
50.438026248456836
357.25837497347356
860.8304035975862
42.470850375577854
580.5308961652843
715.3595864977873
35.271030082547064
535.281944661561
392.9903064615562
25.12998450897552
81.39933876509554
770.3448630261485
88.78479947720696
496.8542595551778
20.024747402327513
937.3369009785973
428.82327009423017
221.2557893057705
249.0348831043875
291.063278995328
322.91915621901626
742.6872732937424
976.938067043554
644.8002805320383
844.7297007026139
644.5500896192424
217.25346337096306
138.14197973661524
982.2230116952098
76.82692558496962
333.9339015759476
909.7786330701082
491.76831562641956
183.24335322219287
823.2251105093826
541.9954345280622
264.1090891978659
682.3356527968317
735.3180579035574
307.4343886298534
404.73204225390845
714.4576402667259
172.62007091630517
537.1415111544594
106.3294941441969
965.8222703778134
158.50157139836574
155.06930215003268
345.3056218023791
591.7583063334506
744.1745541507286
738.0433393770354
831.2893091548036
774.2070583750243
546.0812013800152
816.8109809333833
433.22351286054675
595.0031446226319
904.1322395474043
51.66663643667335
420.2095698482081
282.87075935940345
231.1552214905761
116.19633061171808
698.7536512279222
158.95426476552487
9.029182962171255
294.67932406396335
89.72192685870384
783.8581077553255
463.83905233728626
360.3464762767976
459.1939018439917
434.3691679432565
374.5772845649329
414.8708663516767
219.91707395991656
395.63730010590746
766.5584204620419
305.48037553866504
669.0215816379451
115.8002716821459
457.99157708239625
171.42019449737757
431.7240074617097
803.5263845016302
574.2269967627567
73.54239766448445
22.188958828314952
319.6618594932809
138.09957982847877
331.25333778989284
708.8536388656399
794.479894701215
271.8917675266491
765.4259759775186
922.7240693926952
424.3906487036934
727.5305661013166
783.5279672620404
485.63279241126986
279.43757186461016
403.43849110051565
534.5586710207963
960.7470392607107
341.84550236293177
213.74899522512592
63.73824446711473
448.8951513543832
922.9741565455631
845.4442932643851
307.82348495030453
494.36837442153904
164.93251119454777
307.1649612099063
806.1199913285411
377.71086239134144
547.655640075683
286.37810361763536
765.2374615198761
577.2990194596819
237.48488338148
494.30267880096346
696.1612309813399
936.4205041307195
574.0999205746582
357.9495066710069
552.0933903867549
998.3595078018665
273.6614265927703
412.1124122807811
88.00850964209461
259.5633828872113
170.18219757540896
264.15171808743656
236.62252127796623
170.11430262014727
221.5090779206441
905.1633819342271
742.5155624182552
54.96741958155704
699.7317708034221
956.9886600534014
493.68259278759206
564.5279700652119
185.6822212035979
798.8078713421411
319.7112919545928
873.6249399445993
865.7561843152712
218.0702318122655
184.2591300663199
435.6179102672996
65.58846264448349
642.685552199845
687.2961815993057
743.3840269299169
685.8468444842223
131.28266481738905
569.0962114364936
175.86809701108075
385.94181017159735
526.3415363150779
194.1460808806813
381.5217476952765
115.53734372606439
776.7407438558926
807.1093114547627
818.6218780976162
0.5962929630887182
212.61923643901136
545.3552859767784
878.0363925420398
143.37319901538993
82.84546427581307
150.56876257684416
838.6279093488209
85.24665632296846
104.61585804372697
692.4341716726635
305.9993267209693
597.6133534108774
819.2663047650881
838.6667580004968
595.8320490070514
13.556104974942752
899.5349840577339
610.5131755629441
185.18962463184064
955.7557920246695
63.48840042305171
68.915556185564
774.5554468102655
635.952733934236
503.51853638621014
157.53737648932508
665.0811993234358
579.656610426191
445.96901155978344
161.29183120325774
174.9421871429342
846.9542839623953
897.5972183199995
791.9869527959273
722.5214212157405
832.456663934811
932.0250746024127
105.90524271714253
915.9053343432586
480.9495905296135
197.82156643383408
441.91382995789843
397.688021606229
114.04147168776669
178.14267251835213
652.3522702454197
317.56653405476175
420.4227532000836
600.5608797749328
817.0183786349028
587.3915009756098
106.71178830591043
852.0563338149014
649.6830681237003
565.3632753708525
234.60681358885026
526.9692792788453
31.151557610704206
360.37950266981125
418.3515999307068
714.4621890481477
4.336224630077767
741.0632511702134
944.5778555183441
437.93315198327844
301.7051806846408
153.77419450139163
670.7878618852527
534.3121259972294
272.1493390807049
970.3517037616156
628.1032798932357
947.7674435974723
959.5533706414776
445.7189988565237
216.87532679197764
663.5456853834972
472.92456481755573
377.04833699363536
247.15152340626244
430.7131224442552
606.175760524725
447.5915724357471
691.5580242901482
36.50656219562987
616.2697972270263
515.4905325844759
855.4939532125206
902.4790222742977
992.7102768035994
886.3196262329475
414.3005337969219
943.3060673123854
904.346289627607
62.04202838338602
17.3626504199802
560.399687813636
492.7563020675709
982.4279737917366
948.8670172155529
878.5058971858696
241.00165533624363
12.127572485193028
657.5714608131748
573.1639528853963
516.3441855510471
274.6309056560563
122.01079878993338
829.1544799038146
682.6458795404669
381.21425074473245
159.91134543356344
965.3266801868414
328.7378367038609
993.1372690540938
207.47642529803022
890.1058698457206
287.8049957899863
538.514554189973
266.0665898941744
280.33046337891966
450.4539368385835
311.2176690667868
781.1519240163402
324.78507051299056
353.6555996665144
450.22806364638
521.111249142272
520.2858391627907
700.4355445361152
708.4110974020696
725.2816666834382
332.7194937636123
850.24134426602
723.122819758632
309.1604743876456
9.77583206856869
382.09234374903366
181.69663090948595
806.7882581461446
119.84757187332984
277.95233546325613
673.7985686603178
859.6689322013506
422.25108747894313
781.2944424075274
857.9457719167516
17.60000194116529
208.63837181775756
6.635610568037298
47.480261155764204
11.829373489044336
435.82626564892513
263.56616283803305
84.68534036243092
437.5587522481591
604.0427045894907
522.6398415497792
829.4167093945783
483.65330113871994
925.3085969523847
943.7857421281693
65.600803196609
107.23258997142537
616.1945431307033
250.23954024056593
722.4303066645609
189.44458922258679
279.1537675499499
274.4547786910931
604.2622156541812
109.56544713584503
408.9059662247224
574.5553941008787
946.8912173570781
53.62562298883344
220.44591626265318
320.82132518105186
541.7481508938184
753.875775367829
306.3401404156405
263.0902610896613
502.39625737089256
23.2952841055043
527.3563041446247
743.5959661438351
129.60663442263277
982.1110645785816
24.89692512794406
306.3625930086085
598.0550249581366
962.0891952121227
471.14316240426155
530.5491207804132
440.52742421940036
291.09192727313973
860.1003487682831
242.2831849462439
349.97952575929224
558.788937306565
682.2930445950072
212.26006722137646
238.209191896407
881.3484747482722
657.2474588435545
200.1111491083225
826.5293201510032
831.5956624178184
581.4472883230079
269.42174776125603
75.55901583656144
132.13015164424968
785.0189127026686
457.83329811128414
123.13322938065063
353.0538039368972
469.25294454795187
383.63588948767756
861.5310946346842
902.5705532785389
426.6469862916843
130.97303785747806
318.09602349985556
23.365632728631237
546.667045239873
452.33626316230135
416.9005266496525
899.6151971567427
72.88500928826713
269.01915030513055
586.1242054403649
965.9282472516761
563.5881609570097
194.42526367100055
427.4858531685746
893.8052668060046
503.14962011579513
321.9987795459026
999.4482989354099
441.7164736364375
118.13072096375387
15.34299645878534
673.1178968942385
487.23839809942524
783.1783816335007
416.7714451502209
872.8557937775151
106.15622519655166
535.750589073886
312.0330723716086
803.843166971937
607.642459351225
717.3728221524259
26.322087759454995
949.8828019714439
994.2072073575595
767.6433784128826
539.7817382774151
940.1498433121699
379.85829784439295
74.45080655439251
82.31740354171879
345.8072179694357
617.2808121855591
27.580020354616707
168.45510784070117
611.577922572013
621.8622706717636
190.57676102594112
1.5981390273801521
435.98526322425204
895.3285516001101
635.1178030285611
354.26689038246826
350.12241588958017
737.3621781655858
804.3087541208375
300.13703658818156
252.6132258170305
403.96416285051686
983.3121071608223
17.5488324273132
155.60244827267744
623.2223622576547
998.50414357927
125.31767023619933
739.961782591529
983.8369049668619
843.5078761175091
666.535693887179
544.630799620019
850.0513251604785
314.6204945566253
888.499930801443
518.5611435475073
324.7678358629944
252.39031043047055
542.6782004439442
513.6650113701957
49.13595493173628
69.00947464517438
59.99448199546442
130.7610914346059
691.0653097385234
938.4947545508714
482.5681912028048
986.8599275394407
421.3742017562463
461.94048623153793
171.33622243798308
119.27839014493846
667.8761837006443
999.0758275078686
385.84192582168697
805.318350686581
560.1343657086014
192.91420555256377
282.40259073212235
342.2450909809979
581.1184832629621
21.077029557140747
740.2305298390909
883.4069105248093
935.0943777281072
629.1162188587317
884.1043583760076
917.9529703651361
70.07167142797455
88.97849161371884
955.2400256817676
315.94642437905054
817.269986297094
161.33704667455729
373.3294043773162
494.13701039549073
185.94010977942466
755.7487937074545
938.2580321521356
412.49344041693104
63.15966175660126
315.4061172247836
449.08683124029636
645.0419123836648
129.4036602716948
604.1717512060777
55.053298383959785
672.2731456160036
569.531350795367
37.05100406799333
16.823849648823884
233.76838173750514
113.36405790616023
51.62446266029397
427.50328002291604
38.151240195007816
675.528207828659
835.4785144642434
869.3790066195869
416.8472623685512
214.7160634061731
245.30074770194588
440.95080908947506
704.6051433646998
513.7206860152701
891.1403022401901
643.5750704401066
149.3558934502519
745.1772769116839
86.85811886197669
694.6279140946726
68.23090852752311
91.83273967532114
688.9884834170317
485.3482099079587
93.56145744789468
855.6883846698239
11.762771435878117
347.7978897306112
128.5862633138185
254.21696753456425
169.34194552005366
702.5578509376098
131.58696244737968
184.55471067905106
595.0812896175809
299.36892528725656
432.1535327342367
315.8420919072563
219.2312646171025
517.1338401675436
574.3177132763005
799.5606975507385
707.0339557153278
838.2821396019319
192.61209133603506
784.6242388313408
580.2513101003111
922.5377512591731
640.0974519041013
615.7148854617218
113.03049120112752
436.56366502537537
595.2621735859149
892.6354167804121
594.3586972421599
204.5450524106287
780.6658246855823
199.30936845593695
648.0172643994082
966.9934790129671
800.5827459459946
681.8797726954415
574.0050993476457
940.4662102985894
888.3393049845088
42.37823234536264
746.917044135355
108.45679788545426
283.13716306781765
326.50751765021903
484.9545872982556
706.0017594103058
727.4174013532273
456.8454298168291
558.6473858366215
23.812984828072594
771.5186643948463
382.71189917673576
658.8854711730165
379.22255313492127
941.9605135506605
197.07156884637723
625.27743437575
196.9108040186961
186.57480617468158
925.92845490594
301.3437087537358
518.2437583731017
75.49783653390973
149.95463613976446
502.55308830811083
459.78415865940235
152.40960342978727
896.343224041648
824.7170601103745
235.04054174889245
206.88041089801067
265.7275645955375
250.4480934860819
941.8219450549193
782.3234407262462
362.85533335748664
659.9576239652479
339.47418814275886
622.0419838264061
112.1415007498594
405.574378533094
771.5922741460279
656.8709234670314
730.8078557319354
233.22715365746106
9.352390166814772
813.87863812771
251.63194571088064
65.10212629073597
722.9954448373315
809.9140882880715
823.3783821317475
151.18132262588458
657.2329504183781
361.97565752907815
838.8532742990915
861.3013980016024
653.8131781515301
955.6896797977196
254.99254580732145
470.1199870181675
876.8224213224371
134.41891718059506
23.249672996426995
294.4300700953035
474.7123880091928
309.7692140829529
78.19059926282446
869.071783740965
862.4470033952376
243.09460906142942
777.0115662755339
489.4344445230917
532.7304625699684
245.9875433868798
803.9435903137223
223.03868307783648
800.9410906276267
594.2944864806549
726.0889267293527
29.42902246110668
705.2727225315278
869.8885880969747
504.1000629238934
8.16498945450206
262.66298654313414
150.1950468642429
504.1073126784683
483.47947717955043
360.3369129444497
115.53387600565057
398.57538867851036
468.9432745649581
286.0450551187729
173.0152470562768
663.2840588330356
67.85234023940222
372.8813360952349
384.8665286997204
819.3453283649088
112.80371242961218
814.6648398595131
118.3106917203367
699.4390213355846
617.746652371572
241.10501600582558
425.58853014345175
333.53765929129565
676.2966364092938
393.2691789538352
463.19722617309003
133.03143718409316
544.034272076335
973.0019664125723
941.7219112246306
31.545520176077257
780.1033442151061
105.41617913612733
659.0629475055782
670.5815906819258
781.456285802121
896.4878466880941
789.029567300003
988.9607704170825
701.8257089532384
259.115475138173
606.0860425045183
352.23145767120656
638.0993373480226
92.84647800910429
43.41297705127256
328.21636768060614
529.8400605359734
55.28187382070815
360.73333167663225
40.07963958991334
233.54885571260442
67.25843260522623
767.4227534426425
405.1727160718478
240.52099078943823
481.16499383916846
166.132379961636
767.7311730168468
85.48535147811398
818.3338423504273
518.8786095691087
218.88726048827755
136.0497156872955
644.9992481529974
204.49739058959747
260.0131769142224
946.5682680073293
286.70049845111055
12.314144230827107
32.73532796519352
748.312249132823
911.410987706372
952.4672535395557
775.8316320211189
30.63961361825751
857.5455619068179
707.0172939142851
785.9516040721127
606.2358822406715
962.057439584658
346.32313791918665
157.9218114480999
755.7674751030344
879.9907050144697
968.3271646963319
710.7681753102025
699.0175918592803
966.6738034489239
803.8217299012945
482.1552217538413
464.68938620023073
606.4877952538804
103.29318059784364
64.53395016805763
617.5199460426824
796.8793449439438
696.0454032811022
302.609313442474
448.45199308613894
510.08806335571086
766.9087821337476
594.7357877859276
45.25585368220464
877.9081243100469
267.49983526184974
224.7922781005015
332.63022652952566
730.0301500613921
300.83592007569104
188.83452199798268
351.65298702418124
415.4418682409776
299.659950289231
308.35020224540386
362.0206003829477
593.7076656015689
314.0301755209095
176.19081851917517
420.9822421556403
77.15696334069
175.1751652897321
754.810462150272
130.7267009971329
910.5073650018395
738.4910303241682
440.91141332402464
199.74318176664363
480.6668076383841
10.87644025190615
150.70799583293447
964.3927123559477
233.12617487295938
435.4626631882993
483.8231203974277
801.5988401954917
678.9878990540351
295.58708661077173
762.2698872883873
164.8505083766637
966.649575568163
12.14238292485259
334.01787328737686
645.9915722608351
968.3387046780094
146.1309273493381
897.7266898672201
361.3036898450944
327.1418173515732
803.2906393427545
257.36823812972267
109.62466294152229
953.9892751693633
319.16560034509246
571.7942608568596
399.8076052567924
153.61325735789154
544.511712558625
35.95535115996418
617.6101208940769
229.91165660203094
737.572946764953
336.43086082022535
875.2599641438353
171.85024910682512
719.1114440407865
524.2799059293284
470.0622885978263
767.1604196423806
736.1533961811313
120.87674701982809
57.7897076677637
475.705701129027
322.3369555343941
82.82120230160494
542.37145373483
661.7845933274631
929.6412602384545
884.7762777510364
356.9137887628261
948.2614823565057
616.7477398096062
229.38559135948577
353.30567695172334
642.7836303217996
29.67350609936059
935.6456351354558
602.4313643816497
89.53656219103412
552.3090808748198
153.3582529464229
401.60564064370953
672.8656826506136
610.9677406292884
851.4336863305905
917.8228998754543
632.8963961549239
447.7681650195854
239.94106509888368
548.4229631085508
323.1144325200156
382.13301687260383
134.58001660256792
804.3856083195324
251.24117264062062
30.282239617151596
9.884510940977531
732.4379574801249
153.79348054897434
928.9947396730371
728.2198692144614
663.9368982347107
358.94463310912585
758.2868659724481
526.8899097858194
426.73106580497466
127.06288422944345
66.77861664450934
105.74390966120684
28.034663934564552
254.99498003227438
576.303157130271
490.7892375486235
705.9981082726703
672.6824480165532
791.6300232505799
241.22493407877076
179.8855644687233
134.0812051199838
125.12992224909402
316.6558159695897
801.3883616635245
940.7807846662699
432.65494713878286
169.73116706393577
169.39399003785428
551.7284403813069
891.2379916767637
81.69144645327154
747.8396849072824
47.738984055800906
681.9021571023395
934.1305551694154
52.46141794326753
184.6755512168494
984.6771056393325
322.6364573421916
36.53341343954919
17.434300366882873
728.3118688953249
110.95356490220831
527.2460788814273
851.382604187599
298.53935154356805
403.76559632165777
575.7405957803213
915.9860638453994
137.29487479486312
515.8872461411164
555.8444740629678
512.9834588376541
303.33665035391164
681.1687597546143
383.876047111257
723.8277529908255
531.2886353977427
947.6012989293421
10.208971301516435
283.275819338865
457.3714040737602
27.360864680468055
370.45255343759976
494.07042706332874
367.53301778352443
151.6250056361117
512.1426147467984
70.81208144672024
743.971665867185
23.695962573096697
546.585959945725
689.8788394513462
258.3392931621261
687.7770567714847
44.891591365912255
897.2371938588001
683.390610603492
325.2136688288786
402.1086858487012
733.7148810645368
716.5222225101045
998.2284833662351
631.3403849172587
621.1814585069297
242.79354056293846
243.62077477150746
872.7800551842619
252.34325088730802
352.2119224573974
791.7464773365172
25.898313591506074
326.98230529738095
742.7121147713393
449.190153652981
611.475745598509
665.7425031677673
717.0058182653773
128.92170589302188
169.4533425309853
468.4771286967274
929.1768958141167
428.7442238769674
610.8391794269527
425.1462436370264
901.415741445995
988.7070435723078
898.3648115812484
958.588296398441
583.2653971002381
420.09917010770636
721.1009846907438
750.0855842035716
827.824095458831
194.2267918814733
81.71087226395157
866.4902088596887
864.280539813448
399.72564532526525
95.1425540962474
94.92625105786612
622.6252988513235
23.670855546903514
264.447094425438
705.5260743494918
937.2788055575081
181.41525500286903
131.9201123710393
271.4297509345142
293.6341045438322
192.59720972472928
715.7820615879822
79.73650021583545
207.33472846230637
426.1592298087498
7.936038845514637
22.086018089636283
902.361685508851
693.8439970852428
331.4951326883645
140.07437883308026
343.39071527267686
936.0817200734951
537.9302733174154
766.3978714945838
40.825424490199104
522.4988062868917
912.9738364163705
578.9122770583642
936.9354203307103
840.8422594684686
833.4523552982904
228.59272891671233
214.19929460421938
592.4130545301842
632.3678671422938
980.9566299857622
711.2343457051818
128.9099155752662
916.3341851041794
777.6967398345523
116.60716803007631
509.7358077110242
894.055065524572
942.0330027861396
906.417070684551
505.6598951466415
951.5717541925536
522.1376677210267
138.9523473317801
118.48590995982045
593.1014286167725
102.42405543671984
358.1334240690279
0.4125891342369181
946.7351022385091
402.805374041295
666.8468053696049
255.91413138753973
924.4986641327314
43.238786253565806
172.18181713608948
329.26311900131
37.43044932349715
295.996724375839
497.49382402090305
28.16073105061101
157.96760528604992
249.29887406036354
369.3044070528241
32.45230548354794
426.4404535626003
868.4250171276622
97.60411470483399
288.21795769267266
132.2330866406296
315.83752273129437
155.7807606892705
971.9084030450921
205.0517442539408
990.7171193065757
276.33505468661366
710.1862081750799
13.966736126668767
398.90786353080654
701.4430864465644
662.9496970268665
299.9177746554944
124.73679003261884
78.68368692140837
632.8688078731423
867.313654516356
359.46175646001365
314.5980029348731
653.4809335235635
226.05889860182893
83.8291789052218
17.763655063340323
702.3268140225866
925.5969549536342
792.4067809315272
804.6712580488161
730.4620671595491
622.4708969641292
475.3927568900987
759.7209385356704
197.3337759226167
305.5709967829613
501.9774244473431
300.97664359577016
927.4517827226937
268.4998958259038
493.7537758572685
185.9846466757158
198.35942830902798
557.6887891206421
489.2172636654093
332.42189110028085
92.11301958284379
656.88042020284
118.31716699845019
272.7443230754425
869.8094221476349
868.8740874123889
635.210733239895
814.9293650687803
322.38693834649246
193.11963558694168
287.79118340081953
57.886779698006485
444.5852160999515
110.16950675274029
130.02638058212068
20.21505560407755
479.4500266517354
706.375328461632
466.7903575485277
401.8492457051494
176.06555388773904
944.9810474075705
435.6744680263905
973.2530460981427
428.3951624190356
282.7924442371395
161.3263944082597
57.751635718913285
687.2896858003481
633.9509933618119
400.422056964454
284.6318450874108
178.75347240085415
779.4419970681622
329.10457732170886
228.34195888208575
268.3269038469824
219.47333490796794
247.56333441025845
539.1310203124245
648.654712902247
602.4343291685368
144.7102135730245
434.83744144947786
804.6086671975318
386.77523249227187
142.41524131426087
774.6733698436058
645.5078884777174
76.87707138980903
567.8380272418001
78.36606987336825
442.097090409272
592.4647450714101
698.0417480493044
899.8691534142288
131.10156428086216
557.1542491711087
500.32083770339506
992.0868097453198
573.0255096227157
674.0331362279236
165.16036348736506
715.0945285720013
967.6592952849397
788.1116786735629
773.5706690733035
813.1610722261815
669.790874144075
863.6069354734412
772.4277209636865
948.583815435343
865.2727710325531
857.8522917454366
62.44499499532363
24.466812020007
409.2833116982281
348.0976407228452
194.61592525103055
952.2140089879965
311.0190066873959
531.6194136726037
75.00446607013822
905.3912924739593
125.64608979777935
812.4193712740678
844.1022398690315
282.42804659461007
310.58412743541675
382.1045277591838
210.79091292989793
694.7333741439064
65.24245734761602
729.7970335870918
122.82025777440086
911.0839992813061
888.8630265116869
558.7410300306668
984.7442443131572
952.6804140698104
792.3200524544584
551.5653338392527
406.996159389292
661.0064239677693
845.2569196943815
20.30368824604356
797.7519901801444
410.1024794172863
270.98868419952504
57.425211200991534
786.0581874916991
247.17613401855687
164.67160549253856
431.6532704051701
632.4181295419276
526.2385716804832
786.9817836665964
880.4784442223313
550.2839754058366
268.4133433108521
516.407188745795
24.313428819706886
235.7926653791016
171.74779929631455
177.50333312492717
750.8899298695636
826.8269479019865
789.2740421557165
782.1821558464303
983.5459984469285
991.4594422788797
437.81554696818927
457.9098619117032
705.0424621862225
517.9298301621766
61.55494082396184
571.5693144285696
681.2839871683441
32.48260168149586
363.665090269795
959.469907839609
371.9450976091056
268.4209931452567
540.024488998931
833.4575157691459
321.0614421594731
115.3769608316888
88.89589054339997
727.3242699848189
446.9007905918191
104.01448826155169
58.738428533686715
321.70150748089907
663.2554816238855
63.99965214739933
175.8153686799764
996.6050574043526
770.9523845925294
312.7881377197723
846.1377009548312
973.2380937223935
761.2771272594828
491.56151634893206
365.848926935477
79.32627760036704
200.62741364099347
487.81219778756866
919.752465376528
271.51669093317986
190.5164270623846
34.01027977663029
246.7303664537659
147.5745038006546
601.8637975671284
84.13080326387889
294.11300555359765
234.13945003902137
701.7039571012566
587.9072830272529
133.57634808226103
768.2801535848233
877.9719825388493
625.2108611435193
489.0164043423596
257.9489925462163
135.51675567885934
603.1637718377044
969.0568591457571
506.6618257929395
182.09546202593464
148.03813066527582
707.7132382281211
512.0359331896921
795.9494715159526
557.3637013185277
330.44426839719677
35.649610307591395
396.4887014072731
88.69948595053833
454.8092911198779
970.5418162859393
530.393136636507
607.4880379743036
212.32104792959717
703.2384652767164
265.3189514061195
952.0828548584436
949.8514328766438
525.4339402654283
59.35638330868998
627.7529049929858
53.90151679173294
958.0258404080621
391.0299282784564
64.78183659473791
908.9039659593702
161.16407913120844
820.4731918082385
612.8254711915889
176.86403693375908
680.6415710850191
7.7631927400493295
63.21231104731551
309.9486202618024
116.40447313359093
420.687439507246
697.077807078119
301.4811239017091
606.272921779225
737.4548004123669
331.02382977834856
589.4675183474112
443.8976806081758
835.1151114864585
249.980914591477
998.4061939801954
223.65992095816313
164.09950169211928
427.996443737342
260.77872290282045
798.9332615797811
156.3509817892521
165.14951080351437
771.656260931521
328.26919779183936
592.6389480003154
127.76254722227043
870.4993296492614
429.7737151666483
433.01816526515535
416.47031808377534
668.5490779514065
192.14829314399339
298.9718676723185
796.6993700935928
610.8269269801671
313.6280426272774
351.67012374514115
896.5439943138806
983.6809240266336
161.58791456684474
609.1211282306143
597.6929656200878
220.9688223882018
219.23186134168148
41.8050146065243
490.7930540884846
824.6355185567693
942.7303560997079
896.5857883569129
578.7002230088453
765.2330719453058
304.49806683448696
692.7946045784497
497.3305756292772
392.3114904176448
593.0328234161382
406.3704994559796
256.58086749460904
720.0634900255809
40.47537741320273
963.9122371650084
315.32372739265514
905.6025922702626
877.2078721293733
988.7054457452273
255.03917202104387
966.846713854629
263.983767811349
955.3007455305275
317.3811768171407
480.2012493097682
346.6836421980889
514.3834273193522
93.38970930362811
535.2875027540115
465.8157520629761
921.4085767302203
539.8052762381337
664.2970786710182
974.1886360931769
980.1453073585894
810.5725066044297
995.8928404078005
811.7070289756394
380.5423871398739
963.0873557681002
57.72050079250324
386.97108523429733
771.0739896672557
752.2619915361736
541.1874143298023
412.98492319334747
442.6648931722506
659.3090624114888
245.6282279712335
12.853902223625923
661.5760756622764
629.6531285344295
607.0902792681758
884.7125478770361
233.50112123486377
324.09814946984085
116.74019927333856
762.1871443682576
83.53657790004443
657.6539861482082
380.5006547929708
955.8021398489122
425.8588026022645
492.61765395267696
382.3201421101065
51.75011745093527
376.82795234059665
345.0345166729105
825.4645626268097
764.6621444902149
551.2700816234837
277.4546420152425
798.4136267625335
852.5272532486346
540.6565905597698
477.8449314026879
526.9611171777906
474.8030001869904
934.5589202338339
699.8961698013247
643.9152494255766
746.1175895479901
395.4368575426831
507.05671972603926
0.0641809221580969
441.24608655967114
304.7900875692083
164.856802652103
916.1172340643296
24.215678443144874
281.46173399491215
480.578705291006
633.9410108079279
512.5103137304795
182.03591388897112
14.571606136536408
701.8094658127002
847.8374399546699
596.0549562067139
555.0352475763406
856.7662617433705
392.43549877868287
708.1663700783471
533.1359069758835
644.3300486117813
57.419823960907394
646.6581190149179
782.432481460612
75.10187805158075
22.61389973124528
87.85319258521862
822.7554902216249
909.9787823713788
889.9624400970064
269.0977122422886
120.28275258447051
631.6100983752275
186.9435930352815
809.009918031676
163.6418135078621
986.2992493057479
940.9058294417817
837.4503893864189
920.6310937887708
927.147193709965
918.9065529571175
210.10378953167853
262.3917178787978
214.42507838282498
444.50701578752194
211.48571220562883
356.5644680093562
290.6796475384008
13.93246913569568
916.507922734006
648.9227505039863
520.890961881262
485.3678622766407
424.4610352944702
489.1351219923317
111.28111498874482
936.5039406658564
973.7490550268252
256.27017287112596
745.844618658015
662.445958641956
497.6695617840348
293.5620477563019
967.211448192939
40.12423740843285
665.004862736213
549.0668035481988
232.29102326124217
149.3636239380589
513.2074114333167
679.0692972292088
372.1131105226462
256.05113317583783
947.6709576157496
818.1791878389668
602.5230772147423
7.565347259822275
304.88399408807544
173.43000535992903
783.9080656072032
284.51173200708126
685.3245543808764
853.0586703491447
696.3895999514928
16.790192997779286
408.43416440510174
296.9624671356909
755.6415880645038
763.7079331905134
958.5880727620108
494.8559411216124
240.12637693155315
672.7258635434565
54.441876471141406
455.11586103425185
763.2257047054775
304.2291555768076
8.703414078899186
395.54417898844576
425.6952346189061
132.03618555314222
946.2446145366806
307.96623977974656
815.1667498840432
774.3507690063102
17.792788938625016
522.4757311436227
251.28583162321283
785.0436363450128
230.68918379348224
265.9500881007983
308.59422577436357
229.25991520540467
668.12788508629
856.079687830837
398.64187740707933
242.1797763849459
472.84073420513295
743.708790611997
990.449974238156
614.9331436159518
149.82099699662533
715.8351450873695
200.15071186073453
19.685327132639262
800.6438680684766
742.5013914502401
244.01041669798985
343.6059802561079
781.0515204165185
150.30100355138487
538.3164279853369
992.6205641537754
648.2502853155776
419.6210391151475
874.2122977924942
0.8714148744396466
586.558814252088
836.6967268158222
150.15338257879907
969.4536190088858
683.8485609427779
5.2084691518130555
916.2733047993519
314.3313074872481
823.9534316821869
643.2916465083035
815.2623236147713
687.9332245384252
422.3114100895823
896.2093453571376
38.92315381179989
79.45512711157488
292.76404281913216
644.2605295681066
639.8730966008615
299.29650877840106
414.9950966518633
757.9791627038989
59.85749580089694
360.49684898429047
554.1881102879183
920.3365808820673
441.50026888777603
471.83933369225275
889.9822800490736
466.0047054771659
958.656689014793
24.95220390955066
441.07758380978856
997.9446104622949
331.18599503167934
331.8354330814388
772.3086474511407
522.2626635018852
502.57745891487036
977.7135143213807
817.6588219253896
110.16481458248073
821.6019275401219
798.0755672765799
415.87270941735744
266.79857267249906
778.594140325751
561.478533024931
916.0151185085783
337.4181414049476
973.1382375250536
434.3997509543762
527.4633738833496
962.4109121422725
853.5922363440634
914.5582653339521
316.78419345069744
269.99667605421183
366.805755121944
782.6414067121186
3.1019620921138857
605.9325222929425
926.4380086059388
601.6353262701734
473.57292279329187
430.361212124302
388.7599926525301
969.9503222867095
521.1389416513064
262.46304159956424
688.5989479005875
684.4364883347516
906.9444913832185
806.9485057496241
107.19552699234447
379.0559192881074
6.064675320465396
302.550409717388
779.5123624171855
828.0629637504021
66.62482424911076
585.2133309858631
124.22991506449566
826.0942283885772
433.80078774609945
799.0664545940891
443.8261253648473
554.4723918331564
604.7497265402073
469.5296269845656
139.15604558492922
804.0252390270725
309.35212238193355
911.1161464669551
493.0270344413683
955.750701946542
384.90038910724166
881.9695248217193
987.6413959962896
225.40547270098065
859.2513271277936
789.1332924044709
355.7418135517059
423.7997266804918
99.04283811749947
564.1432898589254
350.54145245965054
409.5536534623194
344.08308078683734
656.9219175027359
431.3731725403095
202.02917185401915
386.2287669249043
393.80999986264754
106.04354034502039
548.7875397521588
194.9526383163176
599.1204376231065
786.3957481855003
759.3365690374047
253.13998792544257
412.8039570493168
67.3154446589368
233.73057313981204
443.34489991251235
442.59810072810734
881.4839115844607
661.131366394998
961.9159016714448
810.282488094569
703.575392287264
91.52523485928721
423.5657988007436
155.36480698263654
681.9181215285845
307.3025595968163
15.97999680332407
233.4372500449673
378.37104558194847
597.3803372569707
534.9124829317863
495.62272752175386
540.5502616519211
89.07256267376829
596.0228795320754
112.0798251604619
35.30995888262045
309.6332808279448
77.82679070660525
102.74423655001897
22.71917402688628
717.444138491881
150.88731533968704
743.9741547475857
21.719513033445438
269.3358687005476
712.6408187250851
911.3588769774697
989.0753944792896
272.5815197512695
990.3381301719477
582.7949391387701
915.7586463595784
851.5277607763786
459.1502145210015
130.55028951598524
81.96575006458285
328.51435485258617
946.5523130524892
681.1410723411105
496.4041212150916
739.4281149974568
863.7583685753171
982.7974277410977
79.47201791599767
535.3244903365605
699.9458026111818
128.42160609190157
631.9724491427828
86.76924052851275
364.09995717556734
81.55966599181419
659.6953361508698
108.91694541747587
855.879640667997
762.3321372021015
669.7477025259399
414.573793765868
800.365180177412
975.6101613437604
404.67776993789886
112.03082435355272
101.9392070640076
425.38298385030157
869.818823493304
590.7933873499194
669.0491337621274
890.3296622376522
754.3548736416351
383.5919506460246
861.9084875085435
156.44503537746647
297.9907259684461
61.1232372131052
431.35940109083805
791.5624152154152
997.5429031338587
495.1706118667857
170.60220714109286
228.03117021372478
616.5601870711224
159.87796551282173
56.195049910099826
632.4257034376999
903.4818671093064
443.57821535593234
955.7055326724759
845.7165628884136
15.195165026824832
924.3331830365613
817.8688845561335
573.0414127957112
591.0600595538357
804.6506625790836
117.46992491439168
307.4151673486282
917.0812460717757
743.7025185324013
231.55136639051332
143.70891817601628
606.9295950626123
201.24645046644375
22.50761306785687
741.9281039663555
905.2150277203091
667.3284276432965
48.06990451426274
921.6914113082338
10.520222177326843
121.45059388374236
667.777299956622
664.6839020102841
962.2027959485469
288.03409054726416
307.00537481661706
780.1565250732718
813.4327444618232
538.7051980942913
57.767738469867936
40.31677207179529
380.31653780637697
952.5491071670974
462.444343089446
733.1720829610322
362.44118007882764
748.5500063035591
588.3300768033253
617.2811528478753
266.86380555850633
556.9579082463594
101.50234470235841
305.45416047138065
48.388318225013435
279.53339317557766
749.967407398571
303.4282989669108
909.6342943096307
544.7599308416043
340.02466586127076
385.2004732238844
550.8526946526316
89.80275266670613
769.1951444497018
745.1205679416871
985.0907581763698
779.8396386581983
87.12412043877148
766.1863299015656
162.36939030170916
54.522385121167915
940.0446023149145
946.0628927071729
769.5857024714102
94.12852359531698
591.172740461074
946.1035372390232
471.1200876208299
711.890373751426
694.3847000590504
909.4364310410127
702.7157123255818
727.0468955123015
718.099739716015
319.85174061784295
482.36555973906957
947.4526311044322
608.1897269740559
134.50135787866313
735.3151034290828
423.58740946599846
42.00772220629856
804.7549164228672
166.80255876043648
811.1989183654565
314.18687604223436
287.77383583960335
990.5923100130884
105.4593050182151
214.65787736903664
52.31425047195914
382.4453287178835
652.837636129001
58.180575691509475
277.089704018768
865.0205693407046
823.6320987077453
971.8752730883507
283.6909890370938
13.914011143696726
733.9715712966256
715.8977093954052
259.6513334621218
523.0091660743456
872.117223402191
945.757275034433
553.2600674756953
52.197414214438794
347.12252236993027
45.98376741148513
42.37027242479186
118.44890325802626
921.9812166658415
643.7136807328144
228.21468541908018
391.9156065469442
172.12568027193765
590.13129467909
875.5441777563819
162.08217811911996
901.2295670057488
829.310965760747
385.84361575624325
846.098197564634
834.9718568081081
844.3700357992086
801.1766893946316
761.6600059261743
531.0938525954801
27.244526853758444
704.6336981979979
563.273773545195
869.7703802654058
682.4024115444727
514.9922457863364
632.706949608569
710.6778623691068
661.6560941222145
212.69642121439514
977.4622907200704
949.8812034940684
458.81362897364187
251.54331863996427
332.8254996815565
91.90950989203594
139.9875496534999
512.1706048676234
871.01554883686
404.35384436914626
229.3247219544996
66.5759570785801
54.241379084379425
923.0177678155492
588.1573191953506
881.1671763626416
938.4114558568915
823.0776757376867
618.496633569358
782.3373399001127
973.5708190853667
192.51367548325672
156.12406844425962
476.9733140322352
913.5281231721499
502.3944416025302
525.1226680936093
373.56446384676553
941.2989276525767
46.91289106191376
373.60344791788503
360.90914598641854
876.1227032743595
962.4044662208787
421.9604431549453
866.5992518591255
311.7697039511833
700.9316011965934
314.1163084082491
749.5994492209564
497.46623820502066
215.35522483806912
370.80390148522434
205.9098673572346
648.9815759871918
956.4518013419299
424.7404234335845
802.5427674129808
153.6973975898016
476.25827467290196
973.663263854819
169.77313324859745
707.3767330722973
212.20012874427573
670.7458427947402
13.499338116878757
603.1204179113615
261.3852636176653
357.52059961008655
801.0319432745122
256.0992216064009
829.5312562742678
877.7250750007977
69.5273123648873
186.2378074312282
438.1501944100762
927.6734851300699
806.5757675323558
301.2895673480408
161.1489164110008
889.5678020692719
16.09746803080658
74.36746872709976
910.1432139598057
289.74625939829536
500.43066546271496
726.0207326407372
158.53791862295773
83.38818150029626
895.0097627985123
267.4179427472042
350.91587550102156
714.832327391699
641.2423901401908
278.17907906041995
45.37049936762572
222.39062628892293
594.7137144263046
316.1383485423996
61.38501569931187
911.4855722042945
22.789737637535225
128.0887912881431
661.3031440234382
400.1834038358182
119.35656266390748
217.03068246050105
96.55121407735945
209.53438234027055
508.51470072719684
780.7685265147996
116.14194510931964
331.5612275975668
188.13026565266367
992.4290857676594
445.8666513287518
885.9977326708549
675.543706909731
401.4341094429395
84.73093618243743
871.1692082527555
617.7233962099941
744.0531843739411
37.544018651812
954.8890270389076
50.498547690883136
840.2793840711608
93.19080512918654
541.1920372295407
310.5469993929463
462.05558438577987
252.72021758535735
690.3755838709862
869.1354708242794
992.5625934261411
607.6747253059596
156.05689720318827
827.6338585410866
59.74740499933251
197.87500771973143
790.5406637099408
338.3869346229933
80.80980932829496
366.5290621693038
298.2162595570115
494.8094701431862
708.5993495044684
254.2640364040635
995.3599935041697
605.8621085160643
826.6423082870978
115.65200560464872
410.83356613073727
626.7647873216526
476.62534658301934
723.1813615887946
848.1389457790847
233.90074573158293
409.9755614789966
294.16525712647933
870.2145167635107
107.22148589028046
46.25122629086664
702.4496730869635
781.3000122714827
688.3769903912613
200.7135365228847
652.5588553627814
901.960636197757
259.0484921010031
576.0887257091667
867.3613848687679
763.0491980425031
849.3037685697753
708.9810550601228
875.2216079222343
428.4013746769156
607.0011876895678
118.27817984451305
27.405469109777147
752.8137913123868
937.9283679481429
692.5412901766847
747.6655434435954
375.94042606268874
460.6534191275475
749.4852096398913
108.72329489671861
397.54498634288626
382.3351208418294
915.7259086793778
688.6840438838063
739.8729957223222
979.4442244885453
744.5939371347258
4.982572468523405
243.12368241359684
781.1828237499558
433.38633325166984
620.8397261616909
816.2996248094786
363.3280723577983
895.80350605053
241.6553685031988
853.7449683214646
821.0825604210936
404.07547388226203
489.8517382137757
567.2360313284453
284.4745457500719
326.97625159754415
288.7408890160902
215.32886955932307
869.3772941214626
917.387236557317
897.3652329459046
581.3867215903513
148.67725489229443
53.893713717958036
587.2945546852175
961.1170180018514
702.4654884488259
7.51635272618667
282.6311760142478
78.26588516229549
547.0899508969017
636.9718493191154
429.6187928834747
100.2582635908752
291.83513108308887
636.3522665311032
642.6132224443536
78.18175938684568
281.9377135699733
394.5525910528522
288.74053333010676
50.645540581176206
362.88219087482463
520.9754772789948
29.512004409098402
729.8379690635059
428.40812823237553
297.18099157928214
945.5996734386183
377.2205794197824
575.8391059488833
826.3075365014319
609.5872599832378
695.9453708778759
607.0576898480053
863.7405259145883
426.05296190972433
849.2389628947643
275.4711456187678
913.3749676912547
921.5204624921192
592.4788952020839
801.8066358353535
917.7320610546685
847.9187416607085
393.80366103328834
961.1964598580436
403.749408257474
391.2422881593624
994.4599585717643
615.1835827113645
659.1946849059883
736.5557226531952
850.9400976743352
967.4493613235951
180.8333963371177
443.5262658880644
558.2223234667531
680.4468477624839
948.0324436990041
394.1272836301505
223.25853707957987
861.4543056809257
517.9745992994622
689.6907159086715
859.541002454502
899.6748170432213
186.67928062080918
687.4521690064522
741.7347742306454
267.93114745587053
447.8281163311021
96.5155818857163
736.074027929438
718.7850312835803
419.0129146938101
235.77430548426682
600.549366038202
614.5354917520432
991.5151072124314
703.7938206386298
268.14862952306487
867.640133993914
799.0306031665908
812.9020011218345
574.9547195681753
509.80972552779923
661.161803383922
118.37496676684634
269.0096458978479
985.7837390029885
207.8630089932466
358.24224069584886
785.1030013384863
411.1069324055189
897.0053383240937
540.0884954205001
730.6365729999703
165.96982705719364
19.918456187443923
151.33208235680874
798.5533980381286
451.6049644074791
262.70510528907954
771.0860366281514
93.43633939139384
580.3549078780918
794.3919989543216
215.34260797957694
588.575563310602
600.7792473995761
625.9571144496246
91.0536819942236
732.8314860804461
370.88769701596226
611.6215317998178
320.7530971391771
500.742326987067
840.546061906891
616.6711666742116
339.0053685880804
240.00435730276203
976.6844221913644
641.2145678657492
615.3412730721609
11.651014239547951
57.054441281799264
708.858965155909
424.3972372725011
715.0592514115081
215.16264801654873
574.3946629381262
451.25400927985294
177.97290499777617
320.468305572843
930.8724055899587
603.1919548630276
195.69166526989358
4.180672839663502
581.44513167225
982.0178192091003
169.01634577779024
644.5318176318193
823.0370693140719
752.0655232008629
668.7289619090844
554.3160631042534
800.1729687648271
314.82144777983154
178.207023911666
525.112321729556
819.933915893106
349.27172836819886
630.7731024301854
743.1875454058477
360.59249433315864
815.3716662887592
769.7074059096611
710.2630722698985
510.3319647941358
744.8051271564268
53.96075707559056
432.1497546019891
880.1410528307184
232.10979471080717
2.2924925918058614
511.0240204688091
177.1494712388445
633.4282379795128
24.416099924989943
40.148424435088145
342.8374335351635
557.8846113205444
428.3019166611788
753.0901703774648
771.7696888060118
61.99084921003573
232.65411982329442
607.693134919063
748.816688921218
893.7091473909326
962.571991554152
843.9465555822394
199.87430114575423
517.3148686181156
834.2282185311487
568.0420417491227
129.15449125329937
695.4515687628416
909.8632904805498
691.6195898724352
627.5822610850008
770.5082184957344
728.4952658500691
968.1509674074699
665.1129178252426
686.1206319951104
566.1648821213629
853.5943467026744
135.4899929449188
262.69615286867054
224.62284032377465
389.4542499946052
413.0618225614503
305.81373198304664
813.5651622033064
313.48871694046386
903.3874340714481
485.3378963900027
7.593903845147798
814.4707155299524
921.6736663730292
938.986889279769
317.4861819389879
450.15772161041724
527.9620340774137
504.4212098582602
777.063221959815
448.78702730830764
982.6392475545257
839.5431812418205
822.4548008089588
393.5888625454914
392.8646361921808
128.42484162090273
942.5112266368325
607.8762952092804
217.15839466413388
133.52109383586674
53.919947961872495
759.3931041956247
294.2326630843952
979.2942369318921
568.4993056533896
309.5564510036779
238.1518604346049
615.9000653721845
821.9643370828298
515.1811764281364
360.1703315441379
568.1239640935444
632.8398872351203
43.62344389689188
163.05587009727307
504.9124448201404
777.5914768095427
978.0727220638581
566.583752977981
493.0839100009331
206.28198687133403
615.2127670414952
45.38866705744626
883.3968173342239
184.4646100896157
429.12297015739085
699.1320806440493
97.52592760549483
647.7407508990445
842.4361256943195
250.59997000618506
323.91889998755886
517.6818579232089
996.9945766925083
203.6384249566445
992.92052244017
606.8005480653226
359.46203796434827
609.3172196110755
292.10598896530115
902.3692061768763
865.720133911646
812.8021045267823
862.4078247747462
118.04397335602712
4.949793828284088
930.3941892090253
359.9106511521246
631.9178169539432
751.3439969047683
303.471752988972
17.6996356490432
257.00828416063706
933.705173217257
352.3941125992454
468.9313646595837
795.2875676610249
446.77820624828377
402.2601514799884
326.2613592438278
604.4087125358657
847.8556594145786
623.6980356400322
770.9601385126105
629.4753942745871
637.7109679664823
383.775954506294
282.8054232102094
372.4150996065275
701.3129456048357
713.3957897109708
627.6669698298452
108.36825489610169
184.0404152348576
535.1025118533096
378.97888273964287
189.46196328070974
13.8862290894447
680.1628051201643
690.059585284932
584.6730000129152
952.7595158123873
500.0323928246979
366.96153829770174
782.9016344357377
244.84987064696261
528.8785057969254
32.4277819779889
448.8742228493382
400.7964722562648
321.4299180944241
26.52975573315064
601.851414080401
437.28390933925965
152.26651491646336
423.59127852720866
258.36469929298886
753.569493142967
825.661048374627
507.78244491277735
535.4770061040571
547.3468994941239
273.9416108156377
453.81248688348666
922.1295232348346
306.28245746239577
398.1668095862938
197.97856972238748
685.2277664746233
8.886136207415962
525.1158071755307
299.41305792851205
432.3598200541989
707.2525159991305
58.2639063592959
750.9716855818342
629.3369196233401
233.94441000950894
52.445368154651064
842.6249343916638
232.8179310852253
341.74069359751746
869.441700251983
341.3966141783057
932.9839429283275
274.1299765074793
139.23025010605184
664.4877839803472
681.4643793317317
245.28896450657624
476.24804633160653
577.4277989402221
161.52930860018245
515.3619045273823
620.6954270535031
955.0568331833816
833.4409530890974
387.8009636101736
840.1045147913668
962.9471034136277
331.70534973194964
20.088687077086554
80.97782160935596
491.5928570778806
498.5743491659812
650.9936732400166
630.7281856731155
816.8244421497045
238.67038981142775
614.1560636006285
60.95331204686572
58.50845530838844
59.571643051711256
884.1362538819009
488.9276810849177
448.20608189229637
819.2343549446049
131.98160187210496
439.2695246862331
467.84570123422577
397.44145992810263
424.5207714282406
117.64349055889822
330.29769929239274
598.4296135791221
91.2454651286333
724.3052287453237
176.08734025154493
767.3292512250881
669.6701522529609
359.9891996928384
248.1317592493286
353.6963990655636
557.1610350517025
799.7459129842807
596.8623007875968
810.0532698068789
975.3799237562241
591.9209721554297
394.74092258879
123.30971239770949
101.4557170935464
847.417989622717
718.6701907646176
911.0229340167233
851.0547387784751
901.1520555844572
253.49349133639643
923.5827418062654
350.3292706453942
555.3526187581645
360.4047645668924
110.38617232220105
636.226908782879
520.9354304816609
752.5427128077421
46.96535367667543
992.1636336839321
880.722076283473
711.4877531588655
717.6049924707601
653.490778735847
348.483865043196
604.9280729633772
742.396158864137
828.4116424171478
682.5937677926345
361.0473417697585
153.34487663145413
730.5559290842979
401.3633224073798
269.84367928089404
287.9552340510609
602.1295616042845
901.0438625067636
538.8387817422293
497.9684891846227
614.5108093899822
265.1959932381378
708.6205253574085
50.209975795351134
635.9220634071409
932.2214191196168
367.2481167713021
563.2096078917991
748.1998052621237
630.6806169565868
585.3106276836695
20.925227121331268
645.2652655139293
179.8794198949115
73.39190221539971
914.7916787453438
220.767896651465
291.7878318034807
735.9462017055321
727.5381025019399
327.99020704357326
165.82458278154832
718.7257673830687
431.05643771488354
865.3001019541143
22.242739210584837
748.4711746096257
972.2488148421389
290.37486742156506
956.15559944564
1.6312403638091277
121.45124609179037
598.0619496302919
970.6502367452879
733.0899889353122
571.781870877301
411.94082493476327
455.49913290427247
880.1243191512996
629.4301689066016
277.9160043760015
705.8482301206443
656.1697543255638
82.12351806738039
14.229808975715908
315.8790561289343
571.3956645514126
539.2741189536197
594.851792959356
683.8789934926755
540.7719515651788
342.0741827320437
13.611145224861954
931.1786851952463
291.5745234941626
487.37261317662075
417.6152362020488
72.72514993247935
227.1199118393632
126.89872081207065
710.1086082635966
106.76999984702906
308.68228668933097
937.1486550458859
255.16605561822726
991.1316521004634
313.82829075020135
334.1344630596157
431.4009777092125
248.00456495334456
69.1476639598324
476.2102044253689
816.1808735253567
603.624390832286
26.97945891771658
796.4790525005175
892.1645842180433
75.38207151706987
561.1954242759647
358.5181013226693
528.775228177508
648.5624769300988
14.288262504916215
236.6075130918134
238.48806557882142
189.1562614149749
531.3013393527059
133.83579080181184
719.0336829081925
825.3317815753758
655.8779513502765
337.1341547707254
408.40444373546205
741.0474969081347
34.45139718047996
827.5131537826824
850.637817179564
602.0957928719486
226.08886605449786
692.6511663228875
355.7674831930202
629.2682773253522
798.7671436750366
453.7602066824963
539.7399367081644
313.0853858467497
821.9286878854792
929.4320697142066
288.07153623540205
16.371768233885533
268.92614194620165
105.8907492853599
458.12214927239916
238.08768604954645
361.4779066260235
280.4481936663463
913.6155155460143
523.2371633446128
917.1429474557781
595.8292145460038
165.1093351331453
622.1983809766664
930.852428960192
147.114504572447
671.9474813928313
412.99341032496073
596.9122063660774
141.8275538662369
580.1404517454735
691.5745233257617
467.17190307677623
32.24191673673249
603.3981764152353
962.9466573006554
54.57563907779384
500.0440989288758
730.0012434706643
132.21526828575537
516.9306384210145
763.1756549479127
735.5313238314507
983.5179602657687
49.113749119598204
694.7764760617639
548.1223194400696
815.9570093499987
13.732442429879143
671.5867202541983
312.53246540145665
345.66156138882843
306.6760454762313
134.05204983507667
396.5937485939923
119.66539394416498
636.4315195614164
148.90705587702868
2.165801368392506
543.0804099847685
755.6676940424478
196.82393292638832
695.6568591816342
212.0771297606463
810.6598332331847
153.76267719629567
589.9950459988302
413.92723863319816
152.59398928117062
934.378191563607
526.9933338833456
876.7760047167627
531.4448101029997
673.0478065456666
439.1752403475221
710.4751022944494
87.19850982878296
794.6635443514562
886.7247585717794
386.06862343631275
162.0216162380822
562.7239608652443
241.37425166632843
376.31544130871754
945.4473657899522
434.05283768122206
680.6381902327073
705.9212202230459
115.5673987896233
317.9067551282592
853.5505338227404
494.1820635529367
57.084228005706784
60.01236044237468
104.0102450813043
674.7216483157247
447.2700101268734
72.77017153787347
208.51283989238755
631.0176990030466
64.38923723925805
22.93582766351243
768.4821697044653
506.3068911200069
142.7867066411065
748.4932978001483
386.16449988872915
756.2265268763992
139.85235576791933
425.6832857182623
633.5551062078047
127.55223938807458
668.8332282991994
530.2915422108256
284.930453618905
792.6699202470498
86.7868040432388
625.4670075979996
539.1361804051545
999.3908587557879
751.0960891005022
144.94388655833657
894.6724936473336
174.94401490462985
335.75759435043386
748.9869655164252
9.234941810539077
498.1139902009368
888.6235778467981
799.6823306995116
863.4401214568137
442.19121361838575
512.2716287935704
83.32535711208367
27.000052004880427
372.8885495645168
596.6557468130671
610.7060293482525
200.80865063986985
846.9624287477816
637.9198309331969
379.1652310542084
879.2356580645288
269.42780323605274
31.76537213102659
231.93297112340792
325.00875471774214
221.12506607154535
68.21989590572086
787.2697600003105
58.23157406168966
206.95220406006854
84.33848570587755
938.5272297331563
245.04683920360426
605.0444102219399
111.34741796448233
730.9284950075181
7.660727083672936
379.2319473993012
622.8453235065864
761.9195724138743
121.56994054698478
842.1633636618421
868.4698499741861
346.96312264982043
902.0500679754881
903.9915743516642
764.694103455523
290.24272059187905
843.2938333760111
708.7937482259188
891.1913889344494
275.18933327817297
549.7794467748499
142.72058064176073
353.428570541057
851.518276552396
387.3685198139072
328.0760842499716
728.6787135297182
876.1235163213705
555.3978563117156
393.5208596010291
517.5597244787638
939.7916842393435
274.31616413348524
203.26077831724666
218.25880154690714
806.9697686125328
344.43579790528
60.250160971746844
206.63051193906213
601.6035270128014
65.66154286906189
472.6902966377292
236.25013167274534
65.15262050213767
277.9462571873402
246.70670771988745
433.3625952738404
40.407501647279354
24.97479672691383
443.9308911420771
563.3833391897421
143.1775960571946
174.98498709144195
819.0589769230169
423.10729632670296
255.9471567157684
45.237630490232995
752.2448125511934
128.34100235698222
900.1600744383078
605.1119027080193
25.200132961939126
992.3744926628494
442.4642095550412
646.0687476638943
738.9177380664498
554.8704461737046
211.43154064526504
580.6257455096265
430.09190927197983
989.0789526428082
900.2195760348525
430.3708290811659
314.89453700902146
416.79818000737123
212.11918198450985
714.1634430762767
533.1950114437046
391.47833246471487
639.2333376918955
563.0576708108954
95.16287723345629
36.37445668012096
949.2073663373526
506.8171916138059
967.823692216186
899.457359611917
495.2610229680038
677.9450445009606
239.5195782079982
715.9856530629233
124.73342107566043
552.1420508435335
816.4924012434241
657.787665385383
767.8252768594302
422.94489167090853
836.7917612375185
134.61694212743214
182.67447424854765
899.0200519493466
930.7598831909537
787.8298099582612
942.5424839165877
871.7554079626256
711.5427965695204
605.2533611544178
232.88008441948782
264.42177087220034
170.7240992924469
939.1608077869936
843.6865900834661
763.3733331605862
668.8019026993422
971.5849496556065
166.36674181602606
948.3876271059779
715.3893555766922
156.72840459966963
627.8574331679358
483.1391385104984
204.5707908501061
10.107391009854805
836.0142474994561
507.29698448047554
746.6384413789034
184.81938936994146
13.461897770893462
490.2186266264483
756.0045640718341
436.66767588425915
931.0293736622583
969.1518992395085
108.88346007358629
829.2965262683998
405.597331281772
670.5164649755085
220.07935644358244
670.6344460026869
875.839713666547
834.6886474276787
187.16593538647518
534.4443198886255
712.2263382537885
959.1669621034795
840.5929111976761
113.77708347570281
169.57257531303503
961.7512379578224
200.4080812194665
627.6327312256238
784.6618871731608
395.6533965665502
947.105411424469
639.2219611750519
740.3623206800228
32.73808958772428
482.45197400712004
970.5490095043232
48.75057658698301
438.66787526638785
954.7785426526641
45.27722859086858
848.7537679025379
179.74294708872074
942.6004399617091
818.6170712627799
488.5068465466066
33.42422774686293
484.22839898039973
636.4699070459717
809.6326941077905
957.2379771981148
934.8456533035877
648.1217934012598
653.3068571150353
469.46077832927347
271.9109772762682
94.2747424912962
21.70560885367012
527.9708436215956
27.981395531875286
416.69513105284364
8.075092630438263
422.65707654582417
892.2987158525787
88.56065991069772
389.4495981468561
766.1179001620837
945.9041596754628
523.8742635163687
903.189314560871
527.5778484984158
410.97555727842985
727.4492312583732
133.98532120353102
296.417500227016
617.2620590597586
925.7023358863717
536.3167014717235
649.0573195473032
49.349555608574015
869.182020567129
431.19569244101194
579.4578086823909
872.3689936473223
968.6692140027839
934.2739477803955
161.00614878173602
142.45908435922584
78.14701974445748
957.9974699189885
24.68186587537591
306.5679618850844
544.0025004465969
435.7222295106097
717.6994878317864
368.39184952487113
1.7197198472619357
908.5229116792632
829.4963486125129
365.8086533325091
460.8390963538511
466.81235249519625
495.11489745592576
153.95099290698067
559.92664686282
699.9785188247465
111.54288733018114
260.8331898518228
34.39935660242277
902.6586641741969
431.39770468097316
746.1738447778853
698.4170271892797
535.6451189533485
23.718234849566922
558.0375955781251
355.4201193425581
578.4189345789689
569.5626401741637
311.8935943667305
644.068405438792
221.87957591229323
415.5794705710684
768.7071548174731
457.34638315159793
677.3296872061642
890.9424618480357
632.6275715478099
749.0100135808262
5.5187986966156455
586.322784450118
859.4723594714421
61.821222784657515
269.40319649573496
457.86785913111794
590.4216226950648
464.38804992276084
405.16979220126115
342.67659659812114
241.66045234840328
436.2483920489857
78.45956439553248
232.6387068285396
367.57591513124845
49.7833212977854
472.37411506835434
977.5621038880604
608.3865124023381
57.22508131832704
421.3986730965378
794.4771148014748
273.5138060207983
237.47266792050704
809.4831555293863
922.1216406964033
172.9718620270878
926.4439574366977
99.15933094380591
699.675298078493
907.2551586076158
464.7307327952599
510.99908338917766
984.8533484229524
243.27756562804404
412.55456309284386
738.516037284657
746.7279247664392
496.5479980206874
660.5030228437917
749.53729978861
998.2484471939255
593.3228352359871
117.55925894035524
939.0641466450892
241.56820579524575
319.6478350281636
525.6218660578221
182.54001957247422
278.0628965056367
758.3804466746337
342.12182790233135
795.4282824525219
24.000852619968427
572.1109228733632
578.8323053841613
715.2043080355755
975.1165110108735
5.56130542134492
34.20491652633151
975.009656698188
173.9924690233271
831.0468935261704
627.9397880606988
767.6891289470384
959.4873826337462
141.7141687961253
388.0063463842893
223.0206963890865
388.14735317727514
257.32801938249895
68.65165596262901
495.9213694245076
234.39892947267015
205.63078505531752
15.036507291979696
277.02355827817416
969.4682228356153
859.0030585876351
533.0937609558246
934.5665282169289
393.6053405813239
877.201292645219
916.3969485189381
497.29081760445047
920.7601477873824
728.121161173542
839.4989923526532
64.69672520972259
882.3165109527362
834.0589394949487
407.8963620438533
587.9718300696692
919.7833926987015
62.3103219140928
466.6899508536848
813.5611715055758
834.905895279627
668.1275575246112
838.9617865713918
798.5945533051768
120.00814603663224
761.0340830003354
783.5117568062301
473.716106740941
378.5345209134897
598.7957945678954
729.225785575257
234.26066946002788
331.39044829258415
996.5280519705044
940.4363583219733
943.0674786054396
59.77604849827822
41.665366514220146
564.2291701905496
990.02422366512
951.2302138037393
648.5111767479593
740.2239132006661
569.4557118072364
884.1583727874258
671.7342611545135
579.0116171711636
846.6173430290144
749.2531626184319
93.35510850442019
76.39371962467733
143.8120139125947
279.8978155434957
691.5531934462641
197.59452815273525
394.0524731709362
607.3556791059411
643.0717977420746
449.955637053524
222.71492795868642
344.1245801930438
711.2712751283533
42.453747050129834
105.63610057604345
84.30480388520067
682.5931389641921
925.0988823341814
200.64430904536513
723.4417968747514
519.4519926279395
298.75857664592996
223.02075487488315
769.0261108584915
623.7977587282918
235.42353450734643
230.5092598688392
338.50215532698434
308.44628943120887
101.45392816169885
595.3933570861261
156.1539304159355
798.1161944769686
593.0035866162523
258.4415409387548
296.4906660208604
58.2583505984855
468.0288706789525
495.96847788173005
77.2848503678215
158.29601091036182
991.3608841031332
758.8394693472486
207.008387060036
725.9218227136441
491.0867742813522
262.50521355562415
261.9243579732614
757.0555553472905
888.8181630433224
948.1075084539337
60.282271812141516
557.5154816016932
487.15321857063776
530.7684264719683
443.54608798313956
614.9293419513358
542.731733008312
988.0705462546284
44.25154938336362
979.8363201104129
204.94146585335116
146.0893516840388
927.9606909384069
886.4990006070766
927.5279288266371
310.5864100895206
409.3876785775954
373.6076260006941
352.360701553302
739.0963957561572
448.011982715431
366.2243689640914
758.9808201802865
385.76009418083265
873.2099121334883
277.8650386132424
793.8517974282427
309.8220659608176
862.3388545542746
247.28706116828945
89.35958973058489
23.706437350617172
151.33540394423463
914.2506882180151
17.485383365040242
421.8656520638093
730.1636935898907
367.5267081104133
316.7887793162294
370.5176476175742
624.3829716387004
7.304358656444632
440.95142798032373
118.72243026656093
761.5090585065141
692.8292038086233
758.9189610749584
407.3629610960452
732.5993688886291
434.5110184289691
603.2571352177101
537.1756320658934
32.752900282394634
673.1055734115167
243.37583197343426
78.72505553246778
102.18729695953354
275.4521986333248
313.7501347527859
161.6150405375908
681.0865185118251
124.78064082544805
697.1933911341753
946.3380480888558
733.2006280320251
722.7053818699985
157.56398354319833
810.5336104796189
391.5746068363301
6.134664032699355
87.56871756168516
446.62430344570424
356.12239338294296
153.3354962779343
740.212785720121
170.89203086749916
964.4035688917913
854.6999019684127
431.24598808164893
523.153500349584
920.7292257167882
563.4461164366621
637.6701206783537
474.30934739694953
291.3757648887433
6.429197592614622
440.58202719535143
980.4784150719181
444.36101112641546
880.0137513602534
63.1495363147494
153.69509965786176
347.96831075006617
244.48890798292632
379.6943410712329
407.2518652044843
245.6232936548345
566.2454454441482
444.115915319828
849.9750161564465
615.5534040934413
908.2937170321123
522.4675765537011
493.89401333133765
473.03023625327046
247.4707072972786
499.3357941867369
707.7769350980636
549.398025758375
132.3835661479007
819.6014387904628
627.2424845673926
404.374909834474
446.4553216172184
470.895482800054
700.4832781438656
814.4031715690734
726.7675970683791
287.0670601274156
231.92404326750037
360.5179917819902
679.5848510354795
478.2948762737994
463.4885707252989
423.8997139078262
44.3738798175285
344.89957128681203
796.2079768855139
970.162231204703
663.4245228696242
908.1883269493186
163.9072832628664
423.6009609084886
735.3130709636918
896.4116856616356
55.56119512717827
816.15455496126
432.1383066701465
252.6397231513151
735.7014254569526
962.375089497349
283.73079485010123
570.8977159425249
948.7989087281609
970.5077580816904
381.9330761200297
327.10631574837345
997.3833127924723
63.28694150367509
506.1491238063056
661.6793899865983
756.768154405247
206.6894791295242
624.6771883385707
19.94960954618985
418.3501378803676
617.3879742502392
612.9672167040479
792.6806695115288
170.48607340003863
264.0353151319101
715.5157289457139
361.0020351951534
356.8827678498676
329.2247750406292
575.1344883455885
214.2210169867541
240.0426560290646
830.415060814686
85.28645379228605
121.98677089412035
684.587677537812
842.6679922215905
869.7816825038642
40.7819267158277
615.8307905910627
131.43919745200273
472.9202932539673
65.77810531217465
808.3045942000309
704.7018800285409
508.8733274450783
736.3298530256664
238.52034354361717
101.9933572046765
924.8637566609332
9.493288459941462
324.4228884773325
320.5383368827516
784.15256132777
271.9281232957219
681.8176364966695
994.168869207076
848.9843879192048
640.2751400345744
992.8229425523933
605.0236633011694
342.3294898031317
35.860870710123784
610.4987295313229
232.51873139803226
207.40644563412582
532.3654628347516
770.5945936246629
970.1068506846892
900.0300942121543
545.1141565513044
882.9213899818418
162.67964907014598
989.569775871299
471.67184812787144
410.72242702254204
694.5152397545933
367.9527067008902
872.8690439880215
142.2338033843059
245.8659700642587
222.7504274235711
932.9040412279985
505.0514003662938
746.9508977390263
897.7932991131352
551.5448586869251
181.5799436758261
545.4368746011393
27.066714720555996
94.12127089250555
782.3787590632766
374.6430785938388
282.4078061603976
203.20322912959165
555.1166773763762
597.2664828846711
323.2072682463765
741.971160640667
42.33205691101682
190.74151137377115
393.27473163460655
28.06742570475307
745.7175168918864
783.6113248882734
615.4608117408495
503.90590177414674
444.24918416324397
449.72513951785606
66.9316393894589
501.2958913811362
340.85864652312523
110.5203962156307
517.5075903815864
394.1052214797649
471.6833300630074
987.7442885508348
6.188608836847687
540.6597249891581
329.4623822297116
776.2512514432126
622.2642326270364
185.94713408546028
956.1683411352712
393.55585534612294
492.9065648193207
47.89292683922797
411.64506538928094
222.6644307524933
340.41225895309424
504.24077213771255
907.2684696117008
193.13121187069305
627.9264257109598
821.4717364348497
906.7206780333348
234.10000765205396
791.6099277861856
685.4701000505554
710.3211999833322
196.48684210062729
768.4243361900885
712.4713155808709
898.1959253533465
605.0831109303829
29.33195608470962
999.1443620152455
232.79703613606907
937.7765760834291
104.95896151319806
264.3567873337821
713.5267264650656
687.3793337143289
472.6003212556705
548.7547720246719
631.6535742557262
140.43756401025442
877.7528260247003
246.60448499350306
154.02957038897202
429.09776399393394
902.0204090243669
805.0349881448852
985.0523748648004
446.2630428051423
969.0465629009855
683.2726448349392
573.764692061564
815.0971362306543
160.06117615397142
844.0033882277212
79.22884299922728
472.58461098348727
36.05428748265405
981.7195214664335
88.7561327312183
403.78838010701077
12.050487155859324
486.79375170216423
933.740445642142
109.44493158980207
592.0058518722141
160.3211390748538
52.519733005154336
402.31971727385076
708.6770821057627
880.3336041620252
843.016779908078
509.09871579023456
947.4405487182353
783.2719081842772
77.97028512423576
971.3798259485953
455.62647949207144
874.9196276819898
277.78980621167017
343.5384381894371
681.1559475908197
790.4824814549444
857.4578982699514
855.1026340279491
694.785769590969
690.4556404798635
869.2704301786729
916.4332301237913
259.6211974730065
253.63517403612212
340.46955897580943
481.33308702987756
846.4043864421225
506.501133262233
450.42153309431734
594.2902694093792
765.4145217597184
181.2132450518311
907.957334542472
315.90243094477233
866.491029159608
190.60517435018275
357.6477970209779
315.331410850206
951.2561537650527
326.90022430234734
818.2647673277604
633.6851046788169
760.1639365201215
762.0287510376394
676.0682679030284
975.0319508875025
94.75799086199343
910.0937632780218
560.5448132084732
205.15997415864805
262.9765540922162
19.021433636034814
227.59209507238165
37.85617600404878
826.5619436148527
263.7925745587073
480.1645365439962
916.5726046094085
248.81046905925885
701.485149137602
303.318691299537
684.8743337899679
592.7578794089096
777.2595617310297
682.8605774221215
616.9485217051464
885.1655698341033
698.2731645408542
220.21905829764933
762.0034102967074
188.6280956772517
292.1385803203891
823.405201093064
331.5393403288781
172.77930572244648
759.3613078468557
403.93458090976895
553.409050394303
778.0308389543823
516.7443470937687
977.7268339108638
604.5718246177869
34.684173516769114
51.16794805929204
686.5714879831492
155.69390737013543
960.3715489932852
859.2418535057808
129.01861476384047
939.1076857307048
981.6155604530223
300.77190029454215
909.8983590291622
468.83886396927767
491.0253979050562
374.5809187849103
101.53422004312628
223.09092338616665
89.04100273972982
135.98242077486688
471.51227526060535
689.4458629735785
702.7098548884609
999.8942956431968
551.7667108418045
441.64051231353005
109.9533717920863
769.0674075550239
297.29529290992497
874.8461051663858
520.7112743146486
519.6910245982233
481.24773675479196
116.63101422136046
392.48311202023143
108.85678185863057
329.50055113597597
926.6240217147265
108.57105627863206
889.8313350684721
775.7317461835946
185.32618089216402
429.87960868648287
423.0407973155391
520.4750055047072
458.70739722430534
8.666631520440117
971.6679226416104
1.0339493055150362
461.32233053434277
760.7830429507222
221.58251902749194
656.5916409862434
22.101103120254372
924.4879345467785
664.5456452425504
502.3780082663604
918.319872352125
312.07846731086977
259.977814501701
452.6903566434236
172.04659207823536
310.8500294233065
310.54914202764974
962.1491953769594
602.4599901371598
940.0803315129725
300.69775495657
312.61492444538874
195.1315059172345
262.72252645307594
227.59731723347699
136.54698406342857
406.80878596017146
306.97301471631886
818.5403179725203
218.30275646441999
771.1772786941932
662.5982020366752
762.5840469764199
731.6291123375564
857.2598173727454
661.6172620001084
229.83121057247757
515.1912699366901
519.2652609473846
430.3710788529945
881.1723253395994
430.89017808249264
943.6970604244872
271.46398249629044
659.1233523300874
517.7649591456673
937.4081159898205
294.5834266629892
196.41457120666095
715.6628967184665
936.0669986356467
168.33522398738987
528.5606955229009
735.5525885407604
331.8054618810618
413.9303689943891
775.5886940034034
968.9142842319881
8.595816024261849
912.9238969549455
189.08096273855378
560.8458945783013
604.3541704583463
64.06365530103486
80.67443292348241
467.8802436717751
16.86120116474732
223.73933199374363
666.1269769625545
224.21001058922874
216.46278196831582
259.80062374359727
186.96711368153984
651.5563716991742
410.5853571635729
493.28601085029635
448.4316883752493
669.1609961250966
782.5955601171635
23.511157022684802
729.3718747609356
250.5113860302921
684.5840422885306
476.0626655505035
409.7533638894062
476.1720100390159
380.7275188942525
210.57397901204843
902.9136113187974
287.67047791744835
622.3300304092415
339.1949853973494
357.9548901310937
596.5448038253874
61.05434704596502
99.21587732743586
22.775476846266905
402.1113800068262
666.7310797678406
285.68773278222426
894.7629670783517
196.16011509304033
860.1158156507255
12.022324874421786
955.5646499919594
637.2213077548084
929.5697632624614
849.9204055545629
863.0616134537798
797.4033167585899
959.3828278743863
593.8367909324382
63.51474944829339
738.923903020464
54.38868739497449
783.0363770518062
352.3862512947602
99.47756297299304
541.87572125638
726.5964364049761
906.1996206835404
88.28253070030657
763.2947828215882
396.59398547497835
385.3336624372806
192.26295172167696
314.85433875648164
296.80694945253447
192.29441806284953
122.09704171060321
664.521641622201
837.512378024154
866.1203549196499
557.7503613638095
56.331608827679624
569.6245846456774
997.8832976009146
585.331147753865
659.7203450822805
853.2879706946386
412.6750985905664
50.83814771163053
689.1989985855142
541.8704306457238
186.58340358526814
479.03130246433534
723.2867104986199
433.5184714140904
989.8671364657174
456.1838860830417
162.24134100338972
37.547092660229595
565.0058651266726
178.64820267692483
636.5245405558555
545.3107343560526
573.5604380220838
818.9159496470267
706.6076118551115
722.290375988776
163.27670961448626
646.6308410682218
860.3582464717031
990.6518691006213
471.12638258857464
544.7103692975392
523.6496553791346
927.9391438668487
817.8439989324446
415.5117643950871
62.147403504572594
579.8001420341019
57.37555703961317
55.404809807985565
928.1600674150981
199.64298817171522
880.7128147098733
25.848279640425243
910.5930315408206
815.2555870634982
38.30638819781884
755.5113856698277
467.59418629964676
603.334996422222
837.4540393822365
356.0307957710117
690.5034980538885
986.0433781158889
723.8524911739114
802.809024661322
306.56016792755156
926.3307740136668
798.0560780743058
533.9368189447009
684.0674673484939
983.6382018141526
344.42497505456805
840.2936032583768
200.80600659750937
570.8996142624887
562.9755002971833
305.83361502171846
259.87063155213406
866.5341099876575
309.115426651236
2.587435195379073
651.880071649353
955.1738038089323
525.9024193755436
622.685281882985
612.0470931442254
685.0554554270313
343.96439422059444
390.057325175876
145.416619098946
546.8464769704353
172.56041628126428
503.6474595548126
613.4799573359135
821.5899904591266
526.3196020846523
437.627329850078
362.75874897797536
529.2038711763271
10.490535785641741
209.4496817251491
342.8185463770763
806.6099512199855
436.84431519110655
383.28112552419856
992.3707754740905
647.8720795812413
538.4010627290069
628.4395387390122
272.3737606722204
363.5697558077614
546.6332999465922
603.0730431524295
595.2620788004627
657.2627132882027
674.0108109268814
91.50210368052825
854.6934900181657
600.4578910981078
860.3201831853061
947.5143709711701
930.4737464974121
726.0414392949953
108.43611045503077
750.8960552710387
97.71999317467706
737.7744462804527
191.50274858739547
848.9106488781114
563.1339798873599
185.16837686235442
578.6188505069724
500.3948565504238
498.13019916797975
703.6503589376248
714.9781522115013
859.680915017836
865.6457472238895
173.89334527606937
18.39583260384703
843.8215619296809
490.6414693082451
245.21824665940773
110.80072423267085
524.7599641335637
380.54735513409054
603.7285907936717
708.4856541759918
166.993057937043
709.8271726016434
355.5540780794272
238.87120921309634
644.3578772257775
967.2361915521756
893.5818141934539
680.5496625824045
525.9544909836308
343.540388155265
256.26506946956584
996.95546916153
435.0779313147218
165.67455864774294
982.8625125491002
781.9784836477347
754.7869567899935
49.55443089260348
6.788626058779168
112.41549816766127
77.61338283001518
217.84536970957114
714.7370121994963
423.145781344626
282.9801491058657
507.7809080186131
530.1645398328291
664.7292121767134
947.1218179697788
731.1336595533489
266.83319134455974
254.81857723284463
616.7957997288876
871.1314680300909
176.51179496189462
861.8513362996864
721.6748451302298
231.47085591083882
78.80125867317189
629.3423813420621
282.38671382726255
41.715366719335066
774.9925305689038
683.0063677977549
9.196058739976309
822.711382697418
72.23709004155732
560.6067003796587
272.19951135159147
369.97424988081826
146.77929173382887
953.2814781196507
207.7939491832791
876.4194496942167
325.44552129074066
825.5665888819867
797.919226734745
683.7448315368848
708.3967500675112
545.5949735306414
597.9768530382069
738.0546266089988
658.485503944295
157.08632506964216
339.33059449154666
333.5849352134824
515.7870250417012
409.2410708913097
180.40792953888786
628.4186852649424
167.14438742383408
776.290880876971
939.0990724942386
743.8948143347665
940.4199005247176
848.8850088387335
289.90074534357944
915.8248949331853
275.62101667347525
781.4485646119742
507.5264421414547
933.760613060008
54.91761092444891
853.6026036023445
849.2470393921086
371.5195596170101
118.31597575657638
582.2571164396513
941.3620689932576
904.3891465134136
34.0026397540516
879.201585311416
591.7626124660202
409.9229632265352
531.9694825346942
528.9677544801148
818.7134298397721
412.4167432246522
213.91521723166696
855.4660114339188
449.0626357887455
104.43749196081464
264.5961196267228
805.4463016538616
461.5692193766905
668.5201518430073
19.722304152283378
37.36972564102836
736.3111969675889
820.7275977026891
126.89213773434061
88.73750264264902
657.9305198996448
381.38392262805064
495.8993401070847
158.27498525770278
865.4828251132271
455.14552126510534
30.310965147629098
184.75444091229897
670.0278852965079
882.8679951142738
191.01554991564763
776.1056230967358
446.3269601083472
591.5554326144802
793.377495091762
69.90542113875964
363.6458568563399
976.2820740806978
534.3542766806761
25.727790458728307
451.8943021616637
176.90679470892422
312.71258310948326
223.5692543784201
744.2884458083317
497.47793874817484
264.9226462193025
70.2187746224826
853.6274541816829
620.4061047517586
433.26372378693213
483.6896030579789
371.8276732145922
199.1621174449234
262.6291315130462
185.2753975371534
859.4978385889552
538.772417475519
827.0487408951727
284.72831897991745
358.79259630994034
390.62571893383114
124.3303056903734
973.0183868280851
787.3451010206529
530.3730059378257
210.93066843616748
847.5153632142789
687.2881695019371
359.697222331632
46.90471515821204
640.2785393975198
192.96165602358695
671.1162296418337
440.9063002157401
769.2757962930916
165.958389789457
358.3389911596284
396.75316088941224
426.9184720905429
626.6115277020109
86.01358187097985
561.585663005258
828.9957334338153
822.2049877785325
417.0605252143065
912.3459307123627
150.02960373007755
686.1141048058811
663.5082521642584
163.25257175796514
521.160799184744
634.6955049717989
856.0973777550422
209.8413870062703
354.1258429736851
976.9971056648415
908.533295796146
881.0822811483415
191.62978951431674
47.84254505420116
170.36795457902764
640.9438053442374
467.0779072543486
124.40689564571883
646.4507649132087
115.41090519281883
230.31956878228877
361.0142163135412
496.73082280569423
869.2430179051578
204.29640413398408
727.8525023144282
944.280025037825
388.62486952337605
409.0555724145051
257.83042258496505
472.07028574845447
646.5526472233387
412.14843806656467
1.5592973067890536
303.11182823148255
123.14299496496461
39.799467980182854
62.02217189961245
937.9583687795525
193.38969155546394
603.0246767268741
441.40797994665337
633.6002109181583
866.214369227837
610.5614208170299
552.9273119139789
999.9928498774657
651.454679448054
725.6178347247978
114.33979585677423
842.388138985795
71.10290366620609
137.61846428143153
675.1293875722993
42.61872891968177
339.04835776942434
63.48950333689785
535.2193593954196
872.4431989466386
358.27823411946656
367.36331989092764
831.9678079157753
398.3389924706735
904.3773776093983
215.5874443583282
412.06902375673707
668.5282314478266
430.8562400335284
70.12046854072784
887.5721108995286
64.25861227517848
308.0906697761372
583.2617630684614
95.74212822912753
407.8519364197618
850.5483298066893
332.5247059352718
443.2884467962116
926.732975282773
245.38756604635702
275.8040217862134
263.9916864952701
253.04553340046908
847.7613080271341
131.95996598527748
132.04454788183628
961.4903543691747
573.0759005169308
687.9941370586225
294.2759517477225
719.5461414226196
596.232402923098
925.4912259107798
708.5146860820139
617.1961577009446
360.89148713436845
827.9326333146591
332.17723831602774
994.2140077512377
637.2602968064211
645.6380583415712
146.6230229917226
604.3138007077636
839.5758248728686
561.7628822771856
168.76486293796822
765.0082765445306
255.24893544481452
340.7953737016902
848.3906913137015
322.0427950434964
907.2635877502644
114.6601062132373
761.433207809516
79.0483291163554
873.2725142912448
922.0880003074519
745.409362894922
795.1704750588593
82.87290474481924
870.2331668355736
715.2739093068517
968.7477953289114
383.41731893182185
560.6583179480548
10.821353134826683
749.9457627794745
504.81439012246034
585.3472755098354
914.9414673405543
873.0139841332176
6.157811670157498
369.10079869842406
941.2004633721228
18.63375042139537
860.2844979468103
135.93141421949838
769.511578676109
433.68547580128757
564.3719394098231
553.3920658776759
285.6885169212663
450.4712232645186
934.6657492639774
660.4340401178564
619.2345772242428
40.600468201969385
435.27495437820085
716.6832278916138
472.3157155420156
418.61623409374425
844.0897185338046
338.6089028592907
932.3251861737753
477.41436296432516
179.97913951995525
398.75967663703005
343.6955003095713
435.53530214149936
748.7551360927555
495.7175834205526
653.7250586481515
49.19932057697718
148.53783233654195
320.4064858089516
174.06885700568318
765.8790543366431
893.5759263687837
309.13751445224744
888.9967568419412
825.6894128687867
734.3793219591281
847.5640141670939
45.227810107365094
331.6921414026236
7.209636594401991
926.385608470573
810.7037444129759
954.6299667915542
943.4291678860843
807.4435886471806
319.99317008828143
0.7170939085717754
780.2850939320174
356.2648714891754
54.2906482946941
183.78519722124898
319.2759507294517
630.9744604593882
301.09653258899095
443.4527667212983
153.32389874557418
107.2801823598607
442.4367037808483
693.6487717410753
130.00642210357626
285.5650553385064
209.53223080715867
429.3842689510866
858.0343828189496
529.7479454745808
496.4788445153826
934.3245036419338
849.4610619603042
608.3935624066418
508.48061758429054
899.9259316122783
905.083808817777
243.44757488024925
306.03377761229046
287.5077532644529
343.81246923421196
713.308680416139
169.42166669732893
89.13479378849776
41.68922784414442
508.9117242565505
52.290972394154814
268.8361707616541
650.4053720767532
787.6307722421552
107.02853140766378
544.8270249574387
359.4904461934848
781.6101941490978
963.3218308237127
508.52384308687226
747.9454994237598
146.5822104959794
121.5413641967643
421.85935779597395
956.4962441625713
406.94746099324465
553.8945186330676
630.3034572708403
251.85690474229082
184.57306935562679
672.1213061114898
905.0469005212171
220.37810622048292
991.2822861683491
272.34189465379023
385.5179786370104
529.3858023559627
315.8672486212589
538.9002985373584
875.6409992767351
777.2270957317617
504.0983394061186
83.35210427934558
314.29561598149724
311.23121413282695
844.5889624073311
998.8861024534584
13.354975854933393
47.01856936690974
336.85494997573727
406.97106615150966
314.2593599586766
993.9498564073831
792.3726471156205
326.3242950769294
559.2191543925536
366.5030899777667
42.61340117192114
759.1107625658842
893.6817371251393
919.769064010935
665.7541843093999
681.1009936240179
533.3372956812905
841.3469653485693
924.0733486759493
472.92804792491916
697.3926294014483
895.1626224720488
194.36242001782932
170.53402507695893
74.67815788928212
994.2771223802108
365.13688055014313
974.5289207605044
605.7972894916893
256.9837174257409
809.8181398469904
723.9178534069522
224.93908651282558
87.68346661754455
671.5365249447116
763.6137177860888
309.5877765747865
556.5054928798572
11.96205074050427
334.81783440309755
252.04949454751323
66.42123066535943
219.14789865259067
846.7088852721143
730.8673138861271
281.72371644021945
768.4596891956201
616.1817236508514
984.6282808128676
515.7615294813943
736.0168858774447
178.09427868629191
845.5421378591278
172.7794034099095
779.5526211535819
500.3149375390651
628.8484526155728
876.390236768436
209.50406904600592
449.07566990331907
256.7854158825328
191.67222185667865
368.74463536805837
26.197213567913714
792.3388074910209
696.7791914312329
97.87776666198644
57.472891236453385
756.1982065040902
787.3406976768083
399.2449123532136
973.6304055134439
387.3216573941821
531.7065112838262
487.74820593014476
410.80683067624454
487.8092233453729
644.6915776345869
348.67594240976155
826.5008622172855
780.7703408336035
892.636237143276
492.6356718166123
68.76091376532855
151.00576186257052
452.3256705407649
968.9399289327356
139.93353461696822
967.1131845320141
503.2371786460461
148.1225304046232
622.7180083351845
995.5974800118046
117.08428100662638
340.72687318289354
778.9215269809724
623.9187601538551
347.74380439449834
984.8419825480106
367.1999331271355
349.7916395562233
606.6212758328493
633.8985595507356
140.9539074003193
58.461111094704535
608.9181264337192
837.8636878711527
544.2949695026108
279.6961516329767
759.8154594743553
142.0226617832153
472.1299758907858
595.1195596029314
398.39928107528044
787.6681042734469
864.0886247164751
486.48668304700016
198.96768736677194
931.3540536607688
292.2362957715531
311.64131071397526
350.62385703332535
483.5374372972978
994.4786368815946
289.68712554049483
182.51780180934261
964.2953337090294
350.47231274775794
321.105525739215
726.1461453738451
457.2148429027868
62.92926577003688
520.9337123440657
629.1475164799826
520.3023565876725
25.090850112666207
199.89599576664207
78.22153196553683
444.4734187054529
805.7484131652716
733.1583044914626
382.24205355407616
120.92427156974317
733.7126875979873
987.53267280541
815.3182569667961
797.9558103925405
497.28031014687235
942.9035674980846
200.9277501818132
348.9607919527028
450.30348656296894
624.3167549111657
409.16019215271524
956.2341756728931
43.29976836109828
836.7893897171846
661.6668235149575
501.33444518825377
388.52765307210547
427.9624157435823
174.75271758115085
726.7386368289478
62.76609540113931
99.13653246355014
463.4283599992295
615.1431261170967
763.9194095651261
398.196355860164
173.96589048449863
276.47668824908567
221.85312778266976
95.1897126607305
385.6955229565108
6.444124206595236
266.76253503500334
729.638744323317
908.2164444283064
490.66814450594245
377.5951866399221
461.55457403701496
745.3937499552283
629.0837826270081
971.8972834878622
282.5044822967491
341.2265406847037
405.453684126312
888.6959266230471
657.3124398418862
633.5535726279336
269.774826835405
53.67522076665321
329.7416134907839
757.4438033004187
405.4805155065695
880.2674499820755
672.8024850651143
127.20585611913215
938.802765864388
993.1007853739296
577.762428533493
331.34685083889883
541.5979955034096
923.4000281542064
71.3951311344676
163.21613765322073
781.3091323507747
900.3867823468913
986.4684512969261
692.6438170380806
503.9862738208299
927.6979862954709
724.0956284530174
384.80820702983897
47.508226435132194
793.9872774775685
966.0415312274725
21.077220553964217
538.6806653518595
639.4347982211534
168.6696670736132
883.4110957993862
271.29883674251033
953.0649003774408
550.6984844885718
685.8349577860614
269.4687488147155
563.3610446997278
726.7230978039096
763.2545214941647
20.84819764361412
259.18953332739113
747.0170205518104
113.82663031603857
500.5641607086463
76.52799096357121
454.1154514168496
201.94048082058868
250.36293610107174
565.5552051913808
649.1764746886084
678.597828524863
760.5182872075254
141.19308537639375
400.51874541398803
575.8408441344199
134.29690014433447
975.2909975025425
485.09784758755603
595.1169757065551
612.0179589509705
793.9064976434377
937.5618698279791
831.8723284825156
236.61542223684395
790.2928781229017
647.1326169304974
454.3813933557661
239.30878012304046
968.0469346237176
821.0018285482683
360.5479645898152
102.30828370930456
512.2711450413325
359.53578800075036
619.3904984494404
821.1411351246854
201.54833926705152
350.8630590385183
370.5830188696725
788.1541067706778
971.3270001903498
731.9290424213985
806.186442449698
283.01929555910897
529.4336165769598
960.0337951876679
927.4780845534448
28.256294211235875
75.00993380279264
2.5495705812921265
957.7536308655086
948.2271861678064
307.08614689508454
63.35765263427939
266.25975286292567
708.2856126415257
752.0464392495896
148.1472674222948
542.5262743856531
330.6541319648424
87.44211588282779
716.4946577109113
714.6225214881836
63.93229211420825
668.8951217703395
351.23385220046464
55.19358009785624
107.94516997432612
985.1835975031738
528.7042370900151
890.2143593010927
420.28382752233097
329.15530552500184
261.6230972668204
958.1949227694529
988.3697314210208
173.97654805472263
11.93092399039175
203.56417273560757
146.6888844428007
546.9599672728153
426.27787898059375
797.4437956902113
611.6919263743944
457.8096663842633
555.356012285946
110.80710575232655
857.9448396416233
761.5668032442763
678.9789774522886
941.2736765564845
111.97800013190395
391.04737105970264
70.07321373422005
616.3782567395568
178.7097200848289
321.81245234226094
32.7956789565591
434.8205372110561
441.6668798592763
918.8020250269118
184.54346037597412
158.0250454192954
913.0439036549633
244.49078440880322
188.48173929847846
559.9744686600138
786.4597176181134
779.9527357961307
999.7072409605596
354.98061821700276
373.85450661384203
440.9580462701288
533.1109742056045
980.839248137836
1.4532061584777711
231.45003710167688
4.589359514935554
110.86928888736114
963.2212251909551
951.024673207129
622.4422593556656
621.9796906605019
224.65828259747923
558.969187287111
772.5398543729107
822.9775672124506
999.4102063896548
896.9371158833827
493.7706507478701
758.9973217599119
17.839568853227462
516.7754111124574
64.09513221749785
199.25835633192156
306.23478386400404
989.3118537776406
325.3058486631098
950.9511259162326
917.4895846916472
426.17700387199295
544.7673224783227
934.7526418196693
324.3035466617612
155.40435844026047
524.6301464290043
233.3963377721121
90.69631101341558
342.64644728242234
532.2409179608742
173.03650626340794
553.5319019338681
397.07919224122
546.2002738907786
142.09068505407052
172.44359403882748
208.0732553187107
600.8661610063014
589.4787337795199
63.33879027674638
78.24297112481948
2.987129596665139
668.9899338472892
841.0008490704241
76.75490854484424
71.38334469852504
28.283098282956054
788.6532374278117
400.74399625748794
620.3894618543109
669.0562530121016
232.83053426219
966.6973661523126
315.27215532291007
706.0975771790304
529.3087846887806
336.2117288724843
997.1266117033177
645.5593060574536
670.3315812151492
597.3340766498566
193.2835210120618
643.1923486383969
758.9902537298835
232.73303137746225
652.0303896020812
264.4825964719181
637.8606792200198
978.9913348016247
910.5373658294569
724.1518442606013
726.320432171631
740.6212058792518
115.79448380078783
238.35748845641004
333.69366499289276
958.1220847922768
839.8024930712058
281.3795050069774
16.413048197760794
265.911146464476
430.9508795791026
980.4017235947174
988.7146194206255
971.4870352617376
317.03694377476234
146.6575498251843
101.71218005441507
996.4417001844065
835.0367398195439
335.9187439690737
215.32920798054113
710.3438057323276
507.366602567778
495.1858923618928
915.9881470208111
284.5021544348834
982.990777429914
598.635625232749
579.9854405603775
658.5271094202204
854.3972356405746
528.0658668849865
699.4530874022212
437.5935914447454
530.890414032574
284.15802974099546
963.8388445278814
470.42462021012176
224.66052784438563
531.0368893032805
745.5770184247352
555.4981738120841
239.3471648218759
439.90739178292836
329.798393107275
209.03712909231487
292.56329456319594
571.9364028016852
535.352132451954
206.7742290986172
539.9298737299162
359.2857487138321
63.713283221801255
124.06043854444349
772.4716909898707
316.7892473580519
990.1686334521434
770.679976807747
929.6418195981701
310.3076814007322
516.1740085590885
666.3070706222916
473.7419283708326
856.8577160908603
387.79504457875856
211.63290264865242
635.6764501529727
391.32065616617797
610.4613613851147
488.27311484383307
557.7056325143246
126.84881696886275
238.36087203687407
459.95234623539903
963.9707677276556
374.7342097467086
63.15476411993903
932.061970663587
147.72031342798476
704.1866119341338
641.4267873814731
900.9225991653022
460.3178335782612
825.3842825916613
147.75790345207918
414.1469288023342
575.239917433621
416.6014005699663
315.5107561892793
857.271155975075
625.2584681000767
939.6077085726664
204.28783225763158
645.7274621528861
98.88750095399735
570.258378059455
925.9997854834484
338.66134595347853
858.5932536090509
4.318273792027205
99.34200016922257
126.62274886757785
210.9715686453264
965.4197018623705
964.0331646819649
327.1607397267772
156.2831994428725
114.44754096120491
962.3277329406724
376.2274243569282
269.50169903402065
572.5602451583293
354.3638441272714
955.1224330626101
7.3291762550103945
674.0796732835233
887.3145606847564
766.4056988422386
106.40639509252914
216.04696226553466
140.87816137626686
208.82561313462767
478.4587429561282
558.905576586426
867.8111726667514
785.3268251236607
617.9916470598697
251.77292695425402
608.072215851288
301.41788223476004
506.2536207253695
883.8973830794537
186.87638294202026
821.8933183908332
433.05113858129687
333.0453130825628
361.29827414329395
458.9180328896866
44.05621889019573
64.48307453560676
233.89940011217692
920.140613676384
575.5447256515292
256.36865610626427
810.1272632218447
898.1682104606085
581.4469162463344
404.35069301291713
9.65323003745089
352.63325765388953
16.688096620235406
163.26657483318763
571.1482565059912
874.1575477692631
961.5157068928642
92.46379239564695
372.5911287350885
133.8166652508175
339.98034759011256
405.30313125518245
270.9571280778271
168.31533482157457
632.9259925828696
524.4459516986205
598.2760901285754
698.1961915324259
861.98045992802
382.2733846083918
454.74408137483977
425.5555583455413
842.9388889036503
516.9669613348566
78.74509865921297
184.54874223195338
751.9692143889805
339.85796792074774
679.5163808827149
460.30556043771475
288.9510855575526
587.2422670280772
39.3082304098904
506.8109118431061
714.9674369518527
663.843305634186
921.7583113514914
170.37770388528318
810.8341517944799
619.29155224717
145.73937909980216
297.9718177638909
266.23782912463923
655.0338740838883
771.5327656255307
517.4874278252407
336.9437111276544
282.9210165272388
640.6973500316884
497.8166098414655
415.5537580725923
134.85719146541064
706.3098627952902
648.6558358730547
346.8796303963083
280.1452677897268
179.19437091458434
939.576492454766
553.9829350224356
245.94717513830332
143.83139355181396
33.77547237722012
578.6410447654198
378.1019387824132
704.098817738178
408.1437324529321
88.66244265321399
200.52432715681724
46.221793947083476
652.2996384490414
946.3343271380204
503.8105971902132
965.647090425818
101.57431273230166
615.1670945608396
472.28635574863944
535.2429843897637
482.7309019572634
253.01381853050876
378.9127395715599
13.589619896466454
861.8191544453324
707.9345489145296
286.9027401176395
126.76546436941271
640.2688093556624
123.70604486797554
372.8613610716135
946.0519470113909
628.4855852907785
740.0531296818262
363.56663341146043
458.5696765826417
862.5777462631286
767.799682876247
563.6734530031241
761.8632860813996
490.31930392036094
491.4026792665561
790.2469469117349
966.236460794409
38.64375471282899
337.27482274249996
799.527474374542
580.9507620736961
591.7017318092552
460.5143450901172
675.0459900508367
508.3208634262325
578.1228983875146
184.74414636906312
186.5562792760088
926.2797285575333
168.83663057810617
487.01170864905686
432.72518640728094
265.40415829040063
349.19325904772603
974.4958772106688
463.5275427531469
135.8287248637634
159.75237832827594
998.098504623113
763.4531980382574
981.6690437269541
246.84262412688395
960.6252782250297
661.8999256569176
451.0437941867357
584.2417012707867
539.0644104757362
850.071788596629
309.7245442950689
172.12906466162403
564.5454398031256
214.32541244004
856.4316587591658
163.23067188351004
219.96260174993344
251.85851410341874
41.07743661800467
576.332080105576
218.43965270246747
750.2461122028257
717.3410915317294
24.09050013992897
427.10278729839445
758.5450434489385
60.427353029464555
227.23365640434002
55.72194721938717
75.74863858903424
15.02612561255756
225.50212072314736
216.63909755280397
658.9321100012987
504.73021740828494
35.25520147082118
435.050308592415
472.20904459340596
298.7719720634069
901.7567947002036
121.54468190961776
419.8014293283845
411.9815972943047
268.6037479325115
793.3392176200778
627.6785432039319
948.3334008424496
983.6459997015924
882.6985256072322
369.2005496094427
486.2937481644546
866.6227527083607
873.0694626509588
219.10768000127734
954.1113244321988
857.4938489684984
820.9074053424303
406.52844327995876
51.10832187799974
680.4954952587664
884.1445369000375
244.68743361395573
963.4089545104447
586.8217597131354
153.9510344242454
646.9633508619798
264.9938704666496
603.8809150202511
483.03562006741686
466.6076428257687
159.65199293526723
854.9867792856143
933.6823697816086
993.437495880453
538.9717163310896
443.60356029127513
214.8584486421856
467.2071087858928
265.6272904054645
723.2039120392308
121.79589397612278
705.8689216608766
610.2405260908525
460.0717861368187
310.3573386248897
181.45829954959623
676.8181894309037
6.732973965236533
630.8249790498277
233.18702243626277
234.95138006805738
219.87567666734464
841.5793706375748
642.9186946734324
571.6514693585289
542.1478097379296
365.73350054163336
33.691701929946305
922.3873678197131
606.8988278697356
507.75177268265315
457.85086045610836
58.142656955610384
136.09470921560506
7.724634320812385
35.32995957571905
187.88325900473822
24.70060888957526
970.1240608560114
252.1168442488456
659.5015837487932
506.28986502310056
149.37857256915055
684.8411244192367
299.9393601019407
405.3873827223504
233.79236201289112
70.49330116052165
388.6193801581218
865.418890159024
628.8938993082662
519.0235000223474
168.66159699815086
858.9923503771566
405.17225981151495
738.0152071266647
334.42634788127344
547.9463023658001
691.9374063681942
208.47955958445053
130.67218832821337
356.4206844726765
66.60372929250913
867.6198594995834
272.5432374982284
733.2305445979974
180.6197559707676
677.6813259375418
741.5183636041094
537.3237786794439
513.9411527935209
905.3134283935838
563.351482912248
225.5881416815475
67.62294567454464
689.0947328833554
943.7429965865576
31.188817530070303
832.3070424795158
804.5589084376543
104.93256049741584
690.8026663678351
936.2891911025646
292.26190042080566
697.6485758377048
362.3665554567681
281.1609984444533
937.8320542719126
100.40960167102575
944.3596218310522
273.2115290233145
16.149658609137084
181.151030208348
812.8308999973692
145.23818548648237
871.1149874315099
729.2363339840526
707.3324592743222
473.6831786291668
883.1431729929923
590.3809838744655
760.4584501362359
542.3479061263483
723.4462184601571
406.6988290488215
756.712972760012
517.5228455003731
493.15723320145213
490.695571822368
722.3359815161813
131.12606316669473
483.02923230013363
564.5469015348398
27.165647719181507
466.4246190269269
245.52886063339784
259.52492963307503
119.04150715584494
140.56632386625301
721.9479656829106
518.0333081684902
907.8883417357522
579.2473904825856
331.9121417961164
453.6327341824411
947.2763347088112
438.1056814407394
791.3584748412661
103.6474944228839
137.91492264130767
982.365425684265
39.79613381254987
314.51625681874253
529.9838571154727
77.12926565207023
95.86054477602801
440.69658808664303
90.92772167710261
835.1915612966031
861.95944522881
307.2216822969925
198.91015848779915
648.6210212490035
772.2976890925717
14.422072839426425
612.8582835471472
433.7891454342534
325.25258269512057
196.78400058628586
770.1472723992505
137.01429716971825
882.6800903342418
962.7134637228855
610.8904209021208
552.2528803239792
767.6565699052142
896.5587375836405
457.01758750411346
307.71349217911717
581.3161747908507
97.73227631193949
550.622529433599
176.41338749077417
421.7561191995538
68.6418933162143
343.07016189387275
907.3656180238103
165.00399194673489
926.3638357439563
313.64471866169055
149.05009021377424
115.75553571861663
51.877440408685914
635.2877909919167
679.7514963640875
156.21397532874693
23.210523151741658
995.9590885352616
478.12219510017593
998.8204236233955
554.6338639912318
169.1577132680604
650.5519466742331
826.8313063749339
352.4989892473349
479.5965070448047
903.9958690873787
509.4642766009021
757.831527292382
110.56063473042244
120.43975816554386
803.6176213714346
70.95515332561465
807.8089410650923
887.7763062807297
840.7879155726145
356.2508435737103
911.6313451613337
553.6762876869481
726.3199869972979
315.45414783209003
882.6664551415392
941.4566386107066
385.4772990900256
445.09319318716524
880.2477602193301
412.3792874320017
520.7114376162274
277.17642098124117
491.3134086609914
839.9382382953938
118.81634969696387
353.286848974523
610.3506183516895
712.5976506985601
266.5479278542763
935.0097679028303
143.35503654576598
973.6874988945569
385.6257252414045
880.3831484333333
916.2195319668884
476.7302385966111
630.3678620040885
579.6306635668524
354.6725467837846
222.16226499232195
126.9666151467792
731.8582705149764
121.61978030519882
569.1470927944223
228.72230858835263
335.02480181537396
785.4864012074504
255.9222132772384
896.7086941488092
397.65451083216175
