3.01990e+01
5.98838e+00
3.59112e+00
2.63406e+00
2.06132e+00
1.65454e+00
1.38089e+00
1.16660e+00
1.01265e+00
8.85288e-01
7.88952e-01
7.06366e-01
6.41276e-01
5.84108e-01
5.37548e-01
4.95945e-01
4.61157e-01
4.29674e-01
4.02780e-01
3.78202e-01
3.56836e-01
3.37157e-01
3.19800e-01
3.03713e-01
2.89351e-01
2.75969e-01
2.63899e-01
2.52602e-01
2.42324e-01
2.32667e-01
2.23814e-01
2.15468e-01
2.07768e-01
2.00487e-01
1.93731e-01
1.87324e-01
1.81351e-01
1.75674e-01
1.70356e-01
1.65291e-01
1.60529e-01
1.55984e-01
1.51695e-01
1.47597e-01
1.43712e-01
1.40009e-01
1.36467e-01
1.33129e-01
1.29822e-01
1.26895e-01
1.23042e-01
1.19557e-01
1.15495e-01
1.15650e-01
1.11723e-01
1.05358e-01
1.01641e-01
1.00830e-01
9.93323e-02
8.62978e-02
7.79856e-02
7.36622e-02
7.40456e-02
7.17035e-02
7.36496e-02
6.70026e-02
6.62601e-02
6.40338e-02
6.02981e-02
5.74056e-02
5.48013e-02
5.53813e-02
5.06484e-02
5.07643e-02
5.03479e-02
4.04639e-02
3.85848e-02
3.71704e-02
3.65969e-02
1.74837e-01
1.63198e-02
1.39498e-02
1.32784e-02
1.33353e-02
9.60220e-03
9.08961e-03
1.09709e-02
4.23287e-03
5.92754e-03
5.43465e-03
4.94406e-03
4.06571e-03
3.81805e-03
6.20423e-03
2.52321e-03
2.54487e-03
2.50185e-03
3.21209e-03
1.41659e-03
1.36881e-03
1.34988e-03
1.08576e-03
8.49276e-04
7.61370e-04
6.07265e-04
4.75422e-04
4.76554e-04
4.78089e-04
4.58258e-04
3.58241e-04
2.88334e-04
3.10915e-04
2.84820e-04
1.90174e-04
1.70070e-04
1.42103e-04
1.16372e-04
9.77725e-05
3.06550e-04
3.43783e-04
5.69059e-05
5.07930e-05
2.70874e-05
1.67673e-05
2.29406e-05
2.77795e-05
2.41232e-05
1.00764e-05
1.19664e-05
1.12430e-05
5.51802e-06
4.38829e-06
5.22996e-06
4.68823e-06
3.34001e-06
2.29625e-06
