    0.20199E+02
    0.59884E+01
    0.35911E+01
    0.26341E+01
    0.20613E+01
    0.16545E+01
    0.13809E+01
    0.11666E+01
    0.10126E+01
    0.88529E+00
    0.78895E+00
    0.70637E+00
    0.64128E+00
    0.58411E+00
    0.53755E+00
    0.49594E+00
    0.46116E+00
    0.42967E+00
    0.40278E+00
    0.37820E+00
    0.35684E+00
    0.33716E+00
    0.31980E+00
    0.30371E+00
    0.28935E+00
    0.27597E+00
    0.26390E+00
    0.25260E+00
    0.24232E+00
    0.23267E+00
    0.22381E+00
    0.21547E+00
    0.20777E+00
    0.20049E+00
    0.19373E+00
    0.18732E+00
    0.18135E+00
    0.17567E+00
    0.17036E+00
    0.16529E+00
    0.16053E+00
    0.15598E+00
    0.15170E+00
    0.14759E+00
    0.14371E+00
    0.13999E+00
    0.13647E+00
    0.13304E+00
    0.12983E+00
    0.12666E+00
    0.12336E+00
    0.12447E+00
    0.11342E+00
    0.10529E+00
    0.10572E+00
    0.10360E+00
    0.10044E+00
    0.97886E-01
    0.93838E-01
    0.10122E+00
    0.86896E-01
    0.85766E-01
    0.84352E-01
    0.77546E-01
    0.82103E-01
    0.79936E-01
    0.60625E-01
    0.70067E-01
    0.66956E-01
    0.62967E-01
    0.57565E-01
    0.57419E-01
    0.55000E-01
    0.57260E-01
    0.55114E-01
    0.51446E-01
    0.47737E-01
    0.49880E-01
    0.34879E-01
    0.29557E-01
    0.25876E-01
    0.34466E-01
    0.20716E-01
    0.11448E-01
    0.11120E-01
    0.95350E-02
    0.86941E-02
    0.67209E-02
    0.42558E-02
    0.53128E-02
    0.53139E-02
    0.52697E-02
    0.46339E-02
    0.30405E-02
    0.33715E-02
    0.30803E-02
    0.20280E-02
    0.23993E-02
    0.22001E-02
    0.18831E-02
    0.14827E-02
    0.19900E-02
    0.12247E-02
    0.97925E-03
    0.80653E-03
    0.81279E-03
    0.54955E-03
    0.38798E-03
    0.42973E-03
    0.42600E-03
    0.35643E-03
    0.29173E-03
    0.26660E-03
    0.19703E-03
    0.18739E-03
    0.17612E-03
    0.17446E-03
    0.11954E-03
    0.10641E-03
    0.83018E-04
    0.74101E-04
    0.54761E-03
    0.47496E-04
    0.45125E-04
    0.66563E-04
    0.19964E-04
    0.79961E-04
    0.22428E-04
    0.18907E-04
    0.14274E-04
    0.98279E-05
    0.97849E-05
    0.93034E-05
    0.48683E-05
    0.43989E-05
    0.52187E-05
    0.23415E-05
    0.18433E-05
    0.92380E-06
    0.94229E-07
